5.000000000000000000e-01 -2.000000000000000000e+00 4.000000000000000000e+00 1.000000000000000000e+00 9.999984741210937722e-01 0.000000000000000000e+00
5.100000000000000089e-01 -2.000000000000000000e+00 4.000000000000000000e+00 1.000000000000000000e+00 1.000000000000000000e+00 0.000000000000000000e+00
5.200000000000000178e-01 -1.999996093750000092e+00 4.000000000000000000e+00 1.000000000000000000e+00 9.999984741210937722e-01 1.479288496163338844e-02
5.300000000000000266e-01 -1.999996093750000092e+00 3.999984741210937500e+00 1.000000000000000000e+00 9.999969482421875444e-01 3.337347583683461212e-04
5.400000000000000355e-01 -2.000000000000000000e+00 4.000000000000000000e+00 1.000000000000000000e+00 9.999984741210937722e-01 0.000000000000000000e+00
5.500000000000000444e-01 -2.000000000000000000e+00 4.000000000000000000e+00 1.000000000000000000e+00 1.000000000000000000e+00 0.000000000000000000e+00
5.600000000000000533e-01 -1.999992187499999963e+00 3.999969482421875000e+00 9.999960937499999813e-01 9.999954223632812056e-01 5.978455836508581728e-04
5.699999999999999512e-01 -1.999996093750000092e+00 3.999984741210937500e+00 1.000000000000000000e+00 9.999984741210937722e-01 2.885382998635532261e-04
5.799999999999999600e-01 -1.999996093750000092e+00 3.999984741210937500e+00 1.000000000000000000e+00 9.999969482421875444e-01 2.786744757005601828e-04
5.899999999999999689e-01 -1.999988281250000055e+00 3.999954223632812500e+00 9.999960937499999813e-01 9.999954223632812056e-01 8.078564885184946710e-04
5.999999999999999778e-01 -1.999992187499999963e+00 3.999969482421875000e+00 9.999960937499999813e-01 9.999969482421875444e-01 5.207899306469698786e-04
6.099999999999999867e-01 -1.999972656249999980e+00 3.999877929687500000e+00 9.999921874999999627e-01 9.999847412109375000e-01 -8.734725628082569068e-03
6.199999999999999956e-01 -1.999972656249999980e+00 3.999893188476562500e+00 9.999921874999999627e-01 9.999862670898437278e-01 1.706708100391457223e-03
6.300000000000000044e-01 -1.999972656249999980e+00 3.999893188476562500e+00 9.999921874999999627e-01 9.999877929687499556e-01 1.652956900454714394e-03
6.400000000000000133e-01 -1.999964843749999943e+00 3.999862670898437500e+00 9.999921874999999627e-01 9.999832153320312722e-01 2.059164047329975489e-03
6.500000000000000222e-01 -1.999953124999999998e+00 3.999816894531250000e+00 9.999882812500000551e-01 9.999771118164062500e-01 2.661390532636133139e-03
6.600000000000000311e-01 -1.999964843749999943e+00 3.999862670898437500e+00 9.999921874999999627e-01 9.999816894531250444e-01 1.936257102356193438e-03
6.700000000000000400e-01 -1.999933593750000016e+00 3.999740600585937500e+00 9.999843750000000364e-01 9.999679565429687722e-01 3.547830460632166172e-03
6.800000000000000488e-01 -1.999960937500000036e+00 3.999847412109375000e+00 9.999882812500000551e-01 9.999801635742187056e-01 2.026620620555939344e-03
6.899999999999999467e-01 -1.999933593750000016e+00 3.999725341796875000e+00 9.999843750000000364e-01 9.999664306640625444e-01 -4.859544016429784979e-03
6.999999999999999556e-01 -1.999925781249999979e+00 3.999710083007812500e+00 9.999804687500000178e-01 9.999633789062499778e-01 3.632326211675031627e-03
7.099999999999999645e-01 -1.999902343750000089e+00 3.999603271484375000e+00 9.999765624999999991e-01 9.999511718750000444e-01 -3.104426515148541420e-03
7.199999999999999734e-01 -1.999882812500000107e+00 3.999526977539062500e+00 9.999687499999999618e-01 9.999404907226562278e-01 -2.116638937427538052e-03
7.299999999999999822e-01 -1.999832031249999975e+00 3.999343872070312500e+00 9.999570312500000169e-01 9.999176025390624778e-01 7.551186608750286820e-03
7.399999999999999911e-01 -1.999855468750000087e+00 3.999435424804687500e+00 9.999648437500000542e-01 9.999282836914062944e-01 6.324693834260527135e-03
7.500000000000000000e-01 -1.999792968750000011e+00 3.999176025390625000e+00 9.999492187499999796e-01 9.998962402343749556e-01 1.869381944440344110e-03
7.600000000000000089e-01 -1.999812499999999993e+00 3.999252319335937500e+00 9.999531249999999982e-01 9.999053955078125444e-01 1.012378808916202877e-03
7.700000000000000178e-01 -1.999742187500000101e+00 3.998977661132812500e+00 9.999375000000000346e-01 9.998718261718749778e-01 3.818914445832263110e-03
7.800000000000000266e-01 -1.999722656249999897e+00 3.998901367187500000e+00 9.999296874999999973e-01 9.998626708984375000e-01 4.487686709185334868e-03
7.900000000000000355e-01 -1.999667968750000080e+00 3.998687744140625000e+00 9.999179687500000524e-01 9.998336791992187278e-01 6.464152128881652665e-03
8.000000000000000444e-01 -1.999589843749999929e+00 3.998382568359375000e+00 9.998984374999999591e-01 9.997940063476562500e-01 9.210052490260521238e-03
8.100000000000000533e-01 -1.999601562500000096e+00 3.998428344726562500e+00 9.998984374999999591e-01 9.998016357421875000e-01 8.559075407559176701e-03
8.199999999999999512e-01 -1.999472656250000036e+00 3.997909545898437500e+00 9.998671875000000320e-01 9.997344970703124778e-01 7.097796837724527734e-03
8.299999999999999600e-01 -1.999410156249999959e+00 3.997650146484375000e+00 9.998515624999999574e-01 9.997039794921874778e-01 3.408961523789031962e-03
8.399999999999999689e-01 -1.999425781250000034e+00 3.997726440429687500e+00 9.998554687499999760e-01 9.997116088867187278e-01 8.339483905555902798e-03
8.499999999999999778e-01 -1.999351562500000012e+00 3.997421264648437500e+00 9.998359374999999938e-01 9.996734619140624778e-01 5.171085640194522139e-03
8.599999999999999867e-01 -1.999167968749999913e+00 3.996704101562500000e+00 9.997890624999999920e-01 9.995819091796874778e-01 1.091505860443638988e-02
8.699999999999999956e-01 -1.999171875000000043e+00 3.996719360351562500e+00 9.997890624999999920e-01 9.995819091796874778e-01 1.054391267007580464e-02
8.800000000000000044e-01 -1.999093749999999892e+00 3.996414184570312500e+00 9.997695312500000098e-01 9.995452880859374556e-01 1.268207644641241791e-02
8.900000000000000133e-01 -1.999035156249999945e+00 3.996170043945312500e+00 9.997578124999999538e-01 9.995147705078124556e-01 9.207086976160834199e-03
9.000000000000000222e-01 -1.998902343749999977e+00 3.995635986328125000e+00 9.997226562500000080e-01 9.994476318359375444e-01 8.029701967660474518e-03
9.100000000000000311e-01 -1.998773437499999917e+00 3.995147705078125000e+00 9.996874999999999512e-01 9.993820190429687500e-01 1.621465931059101750e-02
9.200000000000000400e-01 -1.998589843750000039e+00 3.994415283203125000e+00 9.996406249999999494e-01 9.992843627929687278e-01 1.630840452941118360e-02
9.300000000000000488e-01 -1.998578125000000094e+00 3.994369506835937500e+00 9.996406249999999494e-01 9.992813110351562722e-01 1.627493062768134782e-02
9.399999999999999467e-01 -1.998429687500000052e+00 3.993774414062500000e+00 9.996015624999999849e-01 9.992080688476562278e-01 1.541278222608931554e-02
9.499999999999999556e-01 -1.998097656249999909e+00 3.992462158203125000e+00 9.995195312500000373e-01 9.990402221679687278e-01 1.926433085190337041e-02
9.599999999999999645e-01 -1.998097656249999909e+00 3.992446899414062500e+00 9.995156250000000187e-01 9.990371704101562722e-01 1.462652842213844548e-02
9.699999999999999734e-01 -1.997812499999999991e+00 3.991333007812500000e+00 9.994414062499999973e-01 9.988891601562499556e-01 2.128281432674288334e-02
9.799999999999999822e-01 -1.997734375000000062e+00 3.991027832031250000e+00 9.994218750000000151e-01 9.988494873046874778e-01 2.271026395245292692e-02
9.899999999999999911e-01 -1.997351562500000011e+00 3.989501953125000000e+00 9.993242187499999929e-01 9.986526489257812056e-01 2.316534983673507880e-02
1.000000000000000000e+00 -1.997121093749999909e+00 3.988586425781250000e+00 9.992695312499999538e-01 9.985443115234374778e-01 2.400324609379822505e-02
1.010000000000000009e+00 -1.996847656249999936e+00 3.987503051757812500e+00 9.991992187499999512e-01 9.984024047851562944e-01 2.572032996163456375e-02
1.020000000000000018e+00 -1.996648437499999984e+00 3.986709594726562500e+00 9.991406250000000044e-01 9.982925415039062278e-01 2.574068567378853464e-02
1.030000000000000027e+00 -1.996449218750000032e+00 3.985931396484375000e+00 9.990937500000000027e-01 9.981918334960937500e-01 2.941826736145570012e-02
1.040000000000000036e+00 -1.996035156250000053e+00 3.984283447265625000e+00 9.989843750000000355e-01 9.979782104492187500e-01 3.008337980188153724e-02
1.050000000000000044e+00 -1.995691406249999966e+00 3.982925415039062500e+00 9.988945312500000506e-01 9.977981567382812056e-01 3.279262684245086434e-02
1.060000000000000053e+00 -1.995421874999999901e+00 3.981857299804687500e+00 9.988281249999999556e-01 9.976684570312499556e-01 3.391170122833338935e-02
1.070000000000000062e+00 -1.995132812500000075e+00 3.980712890625000000e+00 9.987460937500000080e-01 9.975067138671874778e-01 3.531791804955788233e-02
1.080000000000000071e+00 -1.994824218750000044e+00 3.979492187500000000e+00 9.986718749999999867e-01 9.973587036132812722e-01 3.698738841198637162e-02
1.090000000000000080e+00 -1.994312499999999932e+00 3.977462768554687500e+00 9.985351562500000000e-01 9.970855712890625000e-01 3.887530510904659009e-02
1.100000000000000089e+00 -1.993988281250000050e+00 3.976196289062500000e+00 9.984531250000000524e-01 9.969223022460937944e-01 4.379997094521652368e-02
1.110000000000000098e+00 -1.993316406249999950e+00 3.973526000976562500e+00 9.982695312499999529e-01 9.965576171875000222e-01 4.481829485738260399e-02
1.120000000000000107e+00 -1.993246093750000059e+00 3.973251342773437500e+00 9.982617187500000266e-01 9.965408325195312944e-01 4.517398444965030346e-02
1.129999999999999893e+00 -1.992632812499999906e+00 3.970840454101562500e+00 9.980976562500000204e-01 9.962188720703124556e-01 5.110951082708041493e-02
1.139999999999999902e+00 -1.992234375000000002e+00 3.969253540039062500e+00 9.979843750000000346e-01 9.959930419921875222e-01 5.037564442902404266e-02
1.149999999999999911e+00 -1.991507812500000085e+00 3.966384887695312500e+00 9.978007812500000462e-01 9.956253051757812944e-01 5.449469517951446157e-02
1.159999999999999920e+00 -1.990890625000000025e+00 3.963943481445312500e+00 9.976249999999999840e-01 9.952804565429687056e-01 5.669455075797161930e-02
1.169999999999999929e+00 -1.990464843750000101e+00 3.962249755859375000e+00 9.975273437499999618e-01 9.950805664062499778e-01 5.600276396640522375e-02
1.179999999999999938e+00 -1.989906249999999988e+00 3.960067749023437500e+00 9.973789062500000302e-01 9.947906494140624778e-01 6.266985061768733101e-02
1.189999999999999947e+00 -1.989164062499999996e+00 3.957122802734375000e+00 9.971718750000000409e-01 9.943771362304687500e-01 6.311602950002792589e-02
1.199999999999999956e+00 -1.988488281249999989e+00 3.954452514648437500e+00 9.970078125000000346e-01 9.940490722656250000e-01 6.522132975261582533e-02
1.209999999999999964e+00 -1.987933593750000005e+00 3.952285766601562500e+00 9.968476562500000471e-01 9.937347412109375222e-01 7.095356949235621935e-02
1.219999999999999973e+00 -1.987109374999999956e+00 3.949020385742187500e+00 9.966289062500000018e-01 9.933013916015625000e-01 7.167407115022232655e-02
1.229999999999999982e+00 -1.986539062499999897e+00 3.946792602539062500e+00 9.964804687499999591e-01 9.930053710937499778e-01 7.701755527470613427e-02
1.239999999999999991e+00 -1.985976562500000098e+00 3.944564819335937500e+00 9.963203124999999716e-01 9.926879882812500444e-01 7.690531306897557817e-02
1.250000000000000000e+00 -1.985234375000000107e+00 3.941635131835937500e+00 9.961250000000000382e-01 9.923049926757812056e-01 7.857899999995425488e-02
1.260000000000000009e+00 -1.983593750000000044e+00 3.935195922851562500e+00 9.956835937500000400e-01 9.914230346679687722e-01 8.897077349451999739e-02
1.270000000000000018e+00 -1.982894531249999925e+00 3.932434082031250000e+00 9.954843749999999769e-01 9.910369873046874778e-01 8.941667328649736957e-02
1.280000000000000027e+00 -1.981878906249999961e+00 3.928451538085937500e+00 9.952070312499999849e-01 9.904876708984374778e-01 9.492797613148973301e-02
1.290000000000000036e+00 -1.981226562500000066e+00 3.925888061523437500e+00 9.950273437500000151e-01 9.901321411132812944e-01 9.682026883899198799e-02
1.300000000000000044e+00 -1.980171874999999915e+00 3.921752929687500000e+00 9.947617187499999680e-01 9.896026611328124778e-01 1.018357618343371102e-01
1.310000000000000053e+00 -1.979570312499999929e+00 3.919387817382812500e+00 9.945898437500000355e-01 9.892639160156250222e-01 1.028110158936427904e-01
1.320000000000000062e+00 -1.977960937500000016e+00 3.913055419921875000e+00 9.941523437499999449e-01 9.883941650390625222e-01 1.066592684659171952e-01
1.330000000000000071e+00 -1.977242187499999915e+00 3.910247802734375000e+00 9.939570312500000115e-01 9.880126953125000222e-01 1.101534763837062336e-01
1.340000000000000080e+00 -1.975726562500000005e+00 3.904327392578125000e+00 9.934960937500000311e-01 9.870986938476562500e-01 1.186106924565779874e-01
1.350000000000000089e+00 -1.975464843749999977e+00 3.903289794921875000e+00 9.934570312499999556e-01 9.870254516601562056e-01 1.163688250171704408e-01
1.360000000000000098e+00 -1.973585937499999998e+00 3.895935058593750000e+00 9.929453124999999547e-01 9.860153198242187500e-01 1.236824769544739716e-01
1.370000000000000107e+00 -1.972886718750000101e+00 3.893218994140625000e+00 9.927382812499999654e-01 9.856033325195312500e-01 1.278007431635566071e-01
1.379999999999999893e+00 -1.970832031250000060e+00 3.885177612304687500e+00 9.921562499999999618e-01 9.844589233398437500e-01 1.342530599368196853e-01
1.389999999999999902e+00 -1.969648437500000071e+00 3.880569458007812500e+00 9.918437500000000240e-01 9.838424682617187278e-01 1.397182388980776624e-01
1.399999999999999911e+00 -1.968218749999999906e+00 3.874969482421875000e+00 9.914453125000000089e-01 9.830535888671875222e-01 1.416404336734966851e-01
1.409999999999999920e+00 -1.966738281250000053e+00 3.869216918945312500e+00 9.910156249999999556e-01 9.822097778320312278e-01 1.490406492850924747e-01
1.419999999999999929e+00 -1.965246093750000034e+00 3.863403320312500000e+00 9.905820312499999947e-01 9.813568115234374556e-01 1.537614045297182319e-01
1.429999999999999938e+00 -1.963503906249999931e+00 3.856628417968750000e+00 9.901015625000000320e-01 9.804107666015624556e-01 1.603462252891847128e-01
1.439999999999999947e+00 -1.961726562499999993e+00 3.849731445312500000e+00 9.895585937499999929e-01 9.793472290039062500e-01 1.679431227695636908e-01
1.449999999999999956e+00 -1.960328124999999977e+00 3.844284057617187500e+00 9.891992187500000533e-01 9.786392211914062278e-01 1.701836801427030477e-01
1.459999999999999964e+00 -1.958550781250000039e+00 3.837356567382812500e+00 9.886796875000000151e-01 9.776107788085937056e-01 1.723886234958422470e-01
1.469999999999999973e+00 -1.956609374999999984e+00 3.829864501953125000e+00 9.880976562500000115e-01 9.764770507812500222e-01 1.829466599564910090e-01
1.479999999999999982e+00 -1.954675781249999966e+00 3.822357177734375000e+00 9.875039062499999520e-01 9.753097534179687722e-01 1.869706856481922475e-01
1.489999999999999991e+00 -1.952289062500000005e+00 3.813156127929687500e+00 9.867500000000000160e-01 9.738464355468750000e-01 1.987421104342300959e-01
1.500000000000000000e+00 -1.950953125000000066e+00 3.807968139648437500e+00 9.864531250000000417e-01 9.732452392578124778e-01 1.991160833332893676e-01
1.510000000000000009e+00 -1.949730468749999890e+00 3.803253173828125000e+00 9.860898437499999725e-01 9.725418090820312500e-01 2.025761599683485459e-01
1.520000000000000018e+00 -1.947503906249999917e+00 3.794677734375000000e+00 9.852968749999999609e-01 9.710174560546874778e-01 2.112209990018515116e-01
1.530000000000000027e+00 -1.943667968750000030e+00 3.779861450195312500e+00 9.843125000000000346e-01 9.690582275390624556e-01 2.204993922609793933e-01
1.540000000000000036e+00 -1.942906250000000057e+00 3.776947021484375000e+00 9.841171874999999902e-01 9.686843872070312056e-01 2.226156392308951404e-01
1.550000000000000044e+00 -1.939808593750000032e+00 3.765029907226562500e+00 9.831601562499999725e-01 9.668090820312500444e-01 2.314950556061398657e-01
1.560000000000000053e+00 -1.939140625000000062e+00 3.762481689453125000e+00 9.829453124999999458e-01 9.663925170898437500e-01 2.330388878615871351e-01
1.570000000000000062e+00 -1.935218749999999988e+00 3.747421264648437500e+00 9.817304687500000293e-01 9.640304565429687056e-01 2.440307923242383270e-01
1.580000000000000071e+00 -1.932472656250000087e+00 3.736938476562500000e+00 9.808515625000000515e-01 9.623199462890624778e-01 2.551293096433315255e-01
1.590000000000000080e+00 -1.930367187499999915e+00 3.728836059570312500e+00 9.803281249999999947e-01 9.612915039062499556e-01 2.550360881195564144e-01
1.600000000000000089e+00 -1.929519531249999975e+00 3.725601196289062500e+00 9.800703124999999849e-01 9.607940673828124778e-01 2.555574813842830806e-01
1.610000000000000098e+00 -1.924359375000000094e+00 3.705917358398437500e+00 9.784648437499999796e-01 9.576766967773437944e-01 2.724195391766913166e-01
1.620000000000000107e+00 -1.922023437500000043e+00 3.697067260742187500e+00 9.776406250000000409e-01 9.560867309570312278e-01 2.822171198654696012e-01
1.629999999999999893e+00 -1.919335937500000089e+00 3.686813354492187500e+00 9.767968750000000089e-01 9.544540405273437278e-01 2.854852871297239858e-01
1.639999999999999902e+00 -1.916964843749999980e+00 3.677795410156250000e+00 9.761679687500000036e-01 9.532302856445312722e-01 2.894656021689959169e-01
1.649999999999999911e+00 -1.914656249999999948e+00 3.669128417968750000e+00 9.753867187500000480e-01 9.517318725585937056e-01 3.027675849403345665e-01
1.659999999999999920e+00 -1.910449218749999956e+00 3.653198242187500000e+00 9.739804687499999947e-01 9.490203857421875000e-01 3.141959427506763047e-01
1.669999999999999929e+00 -1.907523437500000085e+00 3.642166137695312500e+00 9.729414062500000293e-01 9.470275878906250222e-01 3.231528951826708185e-01
1.679999999999999938e+00 -1.904730468749999961e+00 3.631637573242187500e+00 9.722695312500000409e-01 9.457183837890624778e-01 3.301056378769049449e-01
1.689999999999999947e+00 -1.902472656250000060e+00 3.623092651367187500e+00 9.716328124999999982e-01 9.444839477539062056e-01 3.307844818436591616e-01
1.699999999999999956e+00 -1.897195312500000064e+00 3.603271484375000000e+00 9.697460937499999822e-01 9.408813476562499778e-01 3.473654790224676714e-01
1.709999999999999964e+00 -1.893316406250000083e+00 3.588775634765625000e+00 9.681367187499999583e-01 9.378723144531250222e-01 3.614537365663456625e-01
1.719999999999999973e+00 -1.891339843749999972e+00 3.581375122070312500e+00 9.678359374999999654e-01 9.372222900390625444e-01 3.641940520530599912e-01
1.729999999999999982e+00 -1.887394531250000007e+00 3.566574096679687500e+00 9.665664062500000098e-01 9.347747802734375222e-01 3.691706713701608522e-01
1.739999999999999991e+00 -1.884445312500000025e+00 3.555603027343750000e+00 9.654882812499999689e-01 9.327301025390625222e-01 3.778690165064717554e-01
1.750000000000000000e+00 -1.879507812499999986e+00 3.537200927734375000e+00 9.638906250000000009e-01 9.296737670898437278e-01 3.888115867347161081e-01
1.760000000000000009e+00 -1.874902343750000089e+00 3.520095825195312500e+00 9.622812499999999769e-01 9.266036987304687722e-01 3.997542641379425721e-01
1.770000000000000018e+00 -1.872035156249999943e+00 3.509338378906250000e+00 9.615429687500000044e-01 9.251831054687500444e-01 3.940836552694880202e-01
1.780000000000000027e+00 -1.866171875000000036e+00 3.487777709960937500e+00 9.593749999999999778e-01 9.211090087890625444e-01 4.185526409228487732e-01
1.790000000000000036e+00 -1.863144531249999902e+00 3.476654052734375000e+00 9.583398437500000311e-01 9.191589355468750000e-01 4.271733567441283186e-01
1.800000000000000044e+00 -1.859339843749999943e+00 3.462661743164062500e+00 9.568593749999999565e-01 9.163696289062499556e-01 4.359181122203206749e-01
1.810000000000000053e+00 -1.854093750000000096e+00 3.443542480468750000e+00 9.548164062499999716e-01 9.125595092773437500e-01 4.593830316534747715e-01
1.820000000000000062e+00 -1.851476562500000034e+00 3.433914184570312500e+00 9.540195312500000524e-01 9.110580444335937278e-01 4.597491575217145798e-01
1.830000000000000071e+00 -1.844703125000000110e+00 3.409149169921875000e+00 9.516328124999999805e-01 9.065460205078125222e-01 4.754411709814865827e-01
1.840000000000000080e+00 -1.841218749999999904e+00 3.396438598632812500e+00 9.503242187499999494e-01 9.041320800781249556e-01 4.803110231569219790e-01
1.850000000000000089e+00 -1.833683593750000007e+00 3.369247436523437500e+00 9.473984374999999680e-01 8.986648559570312722e-01 5.125172011961378615e-01
1.860000000000000098e+00 -1.830089843749999945e+00 3.356277465820312500e+00 9.453945312499999476e-01 8.951232910156250444e-01 5.215774030505724301e-01
1.870000000000000107e+00 -1.824929687500000064e+00 3.337493896484375000e+00 9.442617187499999787e-01 8.928131103515625222e-01 5.216438086233288196e-01
1.879999999999999893e+00 -1.820804687499999908e+00 3.322662353515625000e+00 9.425781250000000444e-01 8.897857666015625000e-01 5.311104386529637011e-01
1.889999999999999902e+00 -1.815253906249999938e+00 3.302947998046875000e+00 9.400781249999999867e-01 8.853271484375000444e-01 5.590887702174706098e-01
1.899999999999999911e+00 -1.812324218749999938e+00 3.292098999023437500e+00 9.398125000000000506e-01 8.846023559570312944e-01 5.375237783500854682e-01
1.909999999999999920e+00 -1.804249999999999909e+00 3.263442993164062500e+00 9.361718749999999867e-01 8.779617309570312278e-01 5.701549436693230666e-01
1.919999999999999929e+00 -1.798917968750000096e+00 3.244461059570312500e+00 9.344257812499999760e-01 8.746658325195312278e-01 5.802223110198647671e-01
1.929999999999999938e+00 -1.793867187500000071e+00 3.226486206054687500e+00 9.326093749999999627e-01 8.714263916015625444e-01 5.860131102512571299e-01
1.939999999999999947e+00 -1.786007812500000069e+00 3.198730468750000000e+00 9.293320312499999680e-01 8.654067993164062944e-01 6.058242067103286610e-01
1.949999999999999956e+00 -1.778703125000000052e+00 3.173370361328125000e+00 9.254687499999999512e-01 8.586349487304687500e-01 6.453391025640894396e-01
1.959999999999999964e+00 -1.771136718750000005e+00 3.147140502929687500e+00 9.222500000000000142e-01 8.528137207031250000e-01 6.807314569043364516e-01
1.969999999999999973e+00 -1.764457031250000085e+00 3.123703002929687500e+00 9.187226562500000471e-01 8.468475341796875000e-01 6.856562336941498526e-01
1.979999999999999982e+00 -1.758214843750000034e+00 3.101898193359375000e+00 9.171679687499999512e-01 8.436660766601562500e-01 6.907870838673971781e-01
1.989999999999999991e+00 -1.750554687499999984e+00 3.075454711914062500e+00 9.131406250000000391e-01 8.367034912109374556e-01 7.119334068268428073e-01
2.000000000000000000e+00 -1.746605468749999890e+00 3.061492919921875000e+00 9.127226562500000417e-01 8.355102539062500000e-01 6.951844130859683446e-01
2.009999999999999787e+00 -1.740652343750000108e+00 3.041213989257812500e+00 9.099570312500000480e-01 8.309051513671874556e-01 7.187723839988376939e-01
2.020000000000000018e+00 -1.728828124999999938e+00 3.001098632812500000e+00 9.028867187500000391e-01 8.189834594726562722e-01 7.686742568130841002e-01
2.029999999999999805e+00 -1.725398437499999993e+00 2.988983154296875000e+00 9.028710937499999645e-01 8.183105468750000444e-01 7.444361327319292121e-01
2.040000000000000036e+00 -1.712496093750000004e+00 2.945526123046875000e+00 8.960468750000000204e-01 8.066848754882812722e-01 7.925106920640432318e-01
2.049999999999999822e+00 -1.708230468750000064e+00 2.931396484375000000e+00 8.926914062499999858e-01 8.024246215820312056e-01 8.129347774761903622e-01
2.060000000000000053e+00 -1.693433593750000021e+00 2.882369995117187500e+00 8.840898437499999929e-01 7.875671386718750000e-01 8.839383120684575212e-01
2.069999999999999840e+00 -1.692738281250000032e+00 2.879440307617187500e+00 8.860624999999999751e-01 7.898422241210937278e-01 8.410509498106665260e-01
2.080000000000000071e+00 -1.685238281249999970e+00 2.855087280273437500e+00 1.482832031250000127e-01 7.839050292968750000e-01 8.910778510641068628e-01
2.089999999999999858e+00 -1.670714843749999901e+00 2.807601928710937500e+00 7.049921875000000338e-01 7.707702636718749556e-01 9.561005777326040400e-01
2.100000000000000089e+00 -1.670156250000000009e+00 2.804611206054687500e+00 8.765039062499999645e-01 7.737243652343750444e-01 8.817375283446589052e-01
2.109999999999999876e+00 -1.656835937499999911e+00 2.761245727539062500e+00 8.682031249999999645e-01 7.602600097656250222e-01 9.280886232059253338e-01
2.120000000000000107e+00 -1.643414062499999995e+00 2.717788696289062500e+00 8.607695312499999973e-01 7.477233886718750444e-01 9.671151565003046624e-01
2.129999999999999893e+00 -1.633308593750000037e+00 2.685165405273437500e+00 8.539453125000000533e-01 7.369659423828125444e-01 9.856777471607675034e-01
2.140000000000000124e+00 -1.624882812500000107e+00 2.657546997070312500e+00 8.511953125000000231e-01 7.318466186523437944e-01 9.672302677908364288e-01
2.149999999999999911e+00 -1.612187500000000107e+00 2.618911743164062500e+00 6.728007812499999796e-01 7.148284912109375000e-01 1.094511898323393906e+00
2.160000000000000142e+00 -1.600703124999999893e+00 2.583038330078125000e+00 1.846394531249999915e-01 7.051071166992187722e-01 1.140621985918229608e+00
2.169999999999999929e+00 -1.584468750000000092e+00 2.532974243164062500e+00 8.193632812500000195e-01 6.878311157226562056e-01 1.219574422901307242e+00
2.180000000000000160e+00 -1.575679687500000092e+00 2.504531860351562500e+00 6.745859374999999547e-01 6.813858032226562944e-01 1.172447181292594509e+00
2.189999999999999947e+00 -1.566488281250000059e+00 2.476898193359375000e+00 8.097695312499999520e-01 6.724517822265625444e-01 1.228339789588142494e+00
2.200000000000000178e+00 -1.547507812499999913e+00 2.419342041015625000e+00 -5.147734375000000417e-01 6.474517822265625222e-01 1.299126546358484902e+00
2.209999999999999964e+00 -1.540980468749999943e+00 2.398986816406250000e+00 1.931664062500000056e-01 6.441558837890625222e-01 1.277143977875928593e+00
2.220000000000000195e+00 -1.523562499999999931e+00 2.347259521484375000e+00 -3.272109375000000209e-01 6.227890014648437278e-01 1.351413947731523679e+00
2.229999999999999982e+00 -1.505648437500000103e+00 2.293609619140625000e+00 9.892851562500000473e-02 6.031631469726562722e-01 1.371009845236174751e+00
2.240000000000000213e+00 -1.501285156250000030e+00 2.281448364257812500e+00 4.376484374999999871e-01 6.004486083984375000e-01 1.407716524552325321e+00
2.250000000000000000e+00 -1.473371093749999972e+00 2.202560424804687500e+00 8.772304687499999504e-03 5.612243652343750222e-01 1.604926320216062408e+00
2.259999999999999787e+00 -1.465554687500000064e+00 2.177993774414062500e+00 3.164566406250000075e-01 5.597732543945312944e-01 1.510820636771667225e+00
2.270000000000000018e+00 -1.445339843750000020e+00 2.120025634765625000e+00 -7.861171875000000364e-02 5.322814941406249778e-01 1.541016308019500514e+00
2.279999999999999805e+00 -1.434874999999999901e+00 2.088790893554687500e+00 -6.411718750000000577e-02 5.243347167968750444e-01 1.473665887580801304e+00
2.290000000000000036e+00 -1.425476562500000099e+00 2.063522338867187500e+00 3.047261718749999862e-02 5.182159423828125444e-01 1.539627506984024174e+00
2.299999999999999822e+00 -1.401574218749999989e+00 1.996536254882812500e+00 1.520124999999999948e-01 4.853988647460937278e-01 1.554678041558369195e+00
2.310000000000000053e+00 -1.400132812500000101e+00 1.992065429687500000e+00 -5.861640625000000271e-02 4.893585205078124778e-01 1.520501018416994476e+00
2.319999999999999840e+00 -1.377183593750000101e+00 1.929656982421875000e+00 -4.088867187499999750e-02 4.592956542968750222e-01 1.570622189189518014e+00
2.330000000000000071e+00 -1.361710937500000052e+00 1.887557983398437500e+00 1.745039062500000071e-01 4.461273193359375222e-01 1.570324441300261054e+00
2.339999999999999858e+00 -1.351410156250000050e+00 1.858856201171875000e+00 -2.872066406250000092e-01 4.340301513671874778e-01 1.521655788149918198e+00
2.350000000000000089e+00 -1.335371093750000071e+00 1.815170288085937500e+00 -7.689062500000000411e-02 4.158721923828124778e-01 1.481269080324796095e+00
2.359999999999999876e+00 -1.309281249999999952e+00 1.748291015625000000e+00 -1.715808593750000124e-02 3.789611816406249778e-01 1.566153359307675519e+00
2.370000000000000107e+00 -1.310816406250000066e+00 1.751129150390625000e+00 1.083937500000000005e-02 3.870239257812500000e-01 1.498996220529772883e+00
2.379999999999999893e+00 -1.300875000000000004e+00 1.724792480468750000e+00 -1.349898437500000013e-02 3.800460815429687611e-01 1.469578243061929079e+00
2.390000000000000124e+00 -1.270554687500000002e+00 1.646469116210937500e+00 -9.509335937500000557e-02 3.389617919921875111e-01 1.441314925224521870e+00
2.399999999999999911e+00 -1.247167968749999911e+00 1.586303710937500000e+00 -4.736289062499999831e-04 3.106430053710937389e-01 1.372256384955525599e+00
2.410000000000000142e+00 -1.238710937500000053e+00 1.566314697265625000e+00 -5.147539062499999901e-02 3.077117919921875111e-01 1.406473220050438400e+00
2.419999999999999929e+00 -1.227558593749999982e+00 1.538131713867187500e+00 -1.414093750000000073e-02 2.936264038085937278e-01 1.365223152635362869e+00
2.430000000000000160e+00 -1.206871093750000012e+00 1.487185668945312456e+00 1.061691406250000053e-01 2.675857543945312500e-01 1.328700739401804665e+00
2.439999999999999947e+00 -1.199855468750000043e+00 1.469941711425781339e+00 5.789101562500000193e-03 2.677917480468750000e-01 1.302383898371364923e+00
2.450000000000000178e+00 -1.177746093749999945e+00 1.414625549316406161e+00 7.590507812500000250e-03 2.422500610351562556e-01 1.174537296308832302e+00
2.459999999999999964e+00 -1.164882812499999920e+00 1.384680175781249911e+00 2.875621093749999857e-02 2.261810302734375000e-01 1.172982597061111854e+00
2.470000000000000195e+00 -1.162824218749999972e+00 1.379205322265625089e+00 6.690507812499999624e-03 2.249114990234374889e-01 1.134842496983037741e+00
2.479999999999999982e+00 -1.153425781249999948e+00 1.358306884765625000e+00 -1.264890624999999956e-02 2.254501342773437556e-01 1.161950131673355147e+00
2.490000000000000213e+00 -1.146175781249999970e+00 1.340742492675781161e+00 -1.753820312499999867e-02 2.156677246093750000e-01 1.115793973459100696e+00
2.500000000000000000e+00 -1.135304687499999909e+00 1.315791320800781206e+00 -3.333441406249999794e-02 2.093139648437500056e-01 1.100783097500007024e+00
2.509999999999999787e+00 -1.120035156249999941e+00 1.278707885742187411e+00 -1.756789062499999887e-02 1.912414550781250111e-01 9.845333302001144649e-01
2.520000000000000018e+00 -1.114875000000000060e+00 1.269055175781250044e+00 -2.850828124999999977e-02 1.935287475585937556e-01 1.052513384983620792e+00
2.529999999999999805e+00 -1.106488281250000094e+00 1.249685668945312411e+00 -3.050640624999999967e-02 1.877624511718750111e-01 1.014631413526797088e+00
2.540000000000000036e+00 -1.091851562500000039e+00 1.216654968261718706e+00 3.250242187499999963e-02 1.720397949218749889e-01 9.727624518530214592e-01
2.549999999999999822e+00 -1.074777343749999892e+00 1.177890014648437456e+00 -2.987824218749999920e-03 1.527420043945312556e-01 8.954065449586783298e-01
2.560000000000000053e+00 -1.071820312500000094e+00 1.171777343750000089e+00 -3.942968749999999772e-02 1.544586181640625056e-01 8.976000571250895010e-01
2.569999999999999840e+00 -1.068871093749999890e+00 1.165138244628906250e+00 -7.526406250000000110e-03 1.538406372070312556e-01 8.780033567644927039e-01
2.580000000000000071e+00 -1.060570312499999890e+00 1.147599792480468839e+00 3.996718750000000271e-03 1.457131958007812367e-01 8.765013534906378467e-01
2.589999999999999858e+00 -1.048664062500000105e+00 1.121246337890625000e+00 5.270976562500000184e-02 1.396391296386718661e-01 8.224095659538402936e-01
2.600000000000000089e+00 -1.041777343749999973e+00 1.107104492187499956e+00 3.400945312499999845e-02 1.334545898437499989e-01 8.257309628097249110e-01
2.609999999999999876e+00 -1.037175781249999984e+00 1.096386718750000044e+00 -6.409921875000000255e-03 1.300177001953125022e-01 7.761480438989150077e-01
2.620000000000000107e+00 -1.022636718750000062e+00 1.066346740722656339e+00 -2.252832031250000169e-03 1.206291198730468778e-01 7.667947438732818366e-01
2.629999999999999893e+00 -1.017769531249999915e+00 1.055747985839843750e+00 1.331253906250000080e-03 1.165483093261718700e-01 7.362620216200619350e-01
2.640000000000000124e+00 -1.005792968750000016e+00 1.030874633789062411e+00 1.156609375000000085e-02 1.060252380371093789e-01 7.072594234021654103e-01
2.649999999999999911e+00 -1.001953125000000000e+00 1.023477172851562589e+00 -1.052644531250000043e-02 1.130368041992187433e-01 7.133043342826661526e-01
2.660000000000000142e+00 -9.973046875000000089e-01 1.014599609375000044e+00 2.579632812500000025e-02 1.092897033691406228e-01 7.229973761059143023e-01
2.669999999999999929e+00 -9.874101562499999485e-01 9.930694580078125444e-01 -1.869859374999999907e-02 9.884826660156249833e-02 6.496379783127523844e-01
2.680000000000000160e+00 -9.831367187499999716e-01 9.854492187500000222e-01 4.754374999999999921e-03 1.030581665039062567e-01 6.733405567559286320e-01
2.689999999999999947e+00 -9.742773437499999689e-01 9.670211791992187056e-01 2.426054687500000043e-03 9.234207153320311834e-02 6.299025971992877615e-01
2.700000000000000178e+00 -9.658398437499999822e-01 9.511947631835937500e-01 1.302089843749999927e-02 9.344161987304687444e-02 6.443249394504471095e-01
2.709999999999999964e+00 -9.615429687500000044e-01 9.426757812499999556e-01 -1.098156250000000000e-02 9.038803100585937611e-02 6.313081966944533718e-01
2.720000000000000195e+00 -9.570312500000000000e-01 9.330184936523437944e-01 -1.449261718749999921e-02 8.675216674804688000e-02 5.920304559093871877e-01
2.729999999999999982e+00 -9.506992187499999636e-01 9.214538574218750222e-01 2.348347656250000109e-02 8.378234863281250333e-02 6.053968709956879524e-01
2.740000000000000213e+00 -9.396054687499999503e-01 8.995910644531249778e-01 1.012875000000000060e-02 8.064529418945312611e-02 5.705621839660820482e-01
2.750000000000000000e+00 -9.331953124999999849e-01 8.873367309570312500e-01 2.752601562500000057e-03 7.323196411132812389e-02 5.579780971074383977e-01
2.759999999999999787e+00 -9.340742187499999627e-01 8.896316528320312722e-01 8.990039062499999983e-03 8.171279907226562667e-02 5.759128485144638931e-01
2.770000000000000018e+00 -9.267656250000000373e-01 8.754104614257812722e-01 1.149320312500000038e-02 7.660720825195312111e-02 5.510406837701518068e-01
2.779999999999999805e+00 -9.192500000000000115e-01 8.617950439453124778e-01 -1.115539062500000081e-02 7.234039306640624445e-02 5.556476437554980219e-01
2.790000000000000036e+00 -9.140195312500000169e-01 8.514404296875000000e-01 -8.875234375000000744e-03 6.823333740234374667e-02 5.264878280525348009e-01
2.799999999999999822e+00 -9.112031250000000027e-01 8.468917846679687722e-01 1.149691406250000041e-02 7.156738281249999667e-02 5.420620296556141193e-01
2.810000000000000053e+00 -9.083124999999999671e-01 8.413421630859374556e-01 -6.504140624999999939e-03 6.897323608398436834e-02 5.288059611707065510e-01
2.819999999999999840e+00 -9.041914062500000515e-01 8.335815429687499778e-01 -3.446765624999999916e-02 6.991195678710937500e-02 5.156905614775079139e-01
2.830000000000000071e+00 -8.927578124999999698e-01 8.128936767578125444e-01 -2.487531250000000159e-03 6.387252807617187222e-02 5.075046803400014017e-01
2.839999999999999858e+00 -8.906406249999999636e-01 8.093475341796875222e-01 1.209179687499999968e-02 6.374526977539062000e-02 5.112259084879006155e-01
2.850000000000000089e+00 -8.839023437499999858e-01 7.968750000000000000e-01 6.447187499999999793e-03 6.157348632812500305e-02 4.914080096760548022e-01
2.859999999999999876e+00 -8.788124999999999964e-01 7.881179809570312278e-01 5.120273437500000042e-04 6.075592041015624722e-02 4.947041572937531662e-01
2.870000000000000107e+00 -8.763554687500000329e-01 7.832092285156250222e-01 2.254582031250000184e-03 6.144897460937499833e-02 4.727315072835351906e-01
2.879999999999999893e+00 -8.699023437499999734e-01 7.723983764648437722e-01 3.161761718749999967e-03 5.731109619140625083e-02 4.835891605895269452e-01
2.890000000000000124e+00 -8.648984374999999503e-01 7.635086059570312944e-01 -4.064921875000000392e-03 5.937362670898437694e-02 4.738425646693680826e-01
2.899999999999999911e+00 -8.643671874999999671e-01 7.620223999023437722e-01 4.614453125000000065e-03 5.433868408203124806e-02 4.533046206153416025e-01
2.910000000000000142e+00 -8.556171875000000426e-01 7.467575073242187500e-01 -4.806914062499999772e-03 5.202011108398437583e-02 4.436939052886708090e-01
2.919999999999999929e+00 -8.493320312500000080e-01 7.360992431640625000e-01 1.925585937499999943e-04 5.027603149414062306e-02 4.423897573822179186e-01
2.930000000000000160e+00 -8.455703125000000320e-01 7.299118041992187500e-01 1.755531249999999930e-03 5.102493286132812195e-02 4.449904610857416398e-01
2.939999999999999947e+00 -8.407851562500000542e-01 7.213562011718750444e-01 5.338085937499999732e-03 4.955734252929687444e-02 4.275706515333578817e-01
2.950000000000000178e+00 -8.359648437500000195e-01 7.134796142578124778e-01 -2.454656249999999807e-03 4.774063110351562528e-02 4.307328852161722565e-01
2.959999999999999964e+00 -8.371914062499999920e-01 7.155136108398437722e-01 8.951874999999999763e-03 5.113952636718750028e-02 4.272946717601524003e-01
2.970000000000000195e+00 -8.300312499999999982e-01 7.034515380859375222e-01 -2.945242187500000160e-03 4.670059204101562750e-02 4.208089310614571699e-01
2.979999999999999982e+00 -8.232734375000000382e-01 6.922744750976562722e-01 5.625781249999999706e-03 4.607574462890624833e-02 4.178643399368265343e-01
2.990000000000000213e+00 -8.234609375000000453e-01 6.923339843750000444e-01 4.818085937499999778e-04 4.729324340820312278e-02 4.079365565681578043e-01
3.000000000000000000e+00 -8.175234375000000053e-01 6.828155517578125000e-01 -1.000492187499999949e-02 4.658340454101562306e-02 4.116190121527772972e-01
3.009999999999999787e+00 -8.145585937499999485e-01 6.775588989257812500e-01 -1.077492187499999934e-02 4.347473144531249778e-02 3.970837238103067102e-01
3.020000000000000018e+00 -8.074335937500000115e-01 6.660873413085937056e-01 1.322429687499999995e-06 4.443130493164062361e-02 3.968480818926503617e-01
3.029999999999999805e+00 -8.041289062499999973e-01 6.602722167968749778e-01 -1.628597656250000108e-04 4.225860595703125056e-02 3.805861349207321775e-01
3.040000000000000036e+00 -7.998398437499999458e-01 6.533172607421875444e-01 1.289214843749999935e-05 3.933197021484374778e-02 3.759968169574283148e-01
3.049999999999999822e+00 -7.971484374999999734e-01 6.493225097656250000e-01 -6.387890624999999906e-03 4.094009399414062778e-02 3.818845320478376770e-01
3.060000000000000053e+00 -7.946523437500000453e-01 6.451217651367187056e-01 3.769562499999999910e-03 4.090988159179687750e-02 3.731738790202185907e-01
3.069999999999999840e+00 -7.896718750000000231e-01 6.373428344726562722e-01 6.841171874999999597e-03 4.058731079101562250e-02 3.737820096234449885e-01
3.080000000000000071e+00 -7.849921874999999938e-01 6.298568725585937944e-01 1.458296874999999958e-02 4.081527709960937333e-02 3.682007251828936512e-01
3.089999999999999858e+00 -7.835742187499999956e-01 6.277481079101562278e-01 9.830078125000000708e-03 3.908676147460937722e-02 3.689158277399421926e-01
3.100000000000000089e+00 -7.786093750000000480e-01 6.197616577148437056e-01 8.304218749999999968e-04 3.705429077148437306e-02 3.604005528095692301e-01
3.109999999999999876e+00 -7.722226562499999725e-01 6.096206665039062278e-01 1.087796875000000005e-03 3.582122802734374889e-02 3.518332041225533668e-01
3.120000000000000107e+00 -7.719179687499999609e-01 6.088638305664062500e-01 1.369531249999999915e-02 3.644210815429687472e-02 3.420507583768661597e-01
3.129999999999999893e+00 -7.683789062500000488e-01 6.037338256835937944e-01 1.655480468750000073e-02 3.640777587890624972e-02 3.482618604960490694e-01
3.140000000000000124e+00 -7.662265624999999858e-01 6.005523681640625444e-01 6.263710937499999964e-03 3.587509155273437694e-02 3.492029199333662737e-01
3.149999999999999911e+00 -7.649726562499999938e-01 5.984191894531250000e-01 7.358359375000000533e-04 3.715270996093750222e-02 3.414887688177133396e-01
3.160000000000000142e+00 -7.568046874999999618e-01 5.860885620117187722e-01 -1.524750000000000064e-03 3.466415405273437500e-02 3.418741096554066550e-01
3.169999999999999929e+00 -7.556093750000000275e-01 5.841735839843750222e-01 1.337898437499999895e-03 3.577499389648437778e-02 3.369903608852714005e-01
3.180000000000000160e+00 -7.485859375000000204e-01 5.732894897460937278e-01 -2.077152343749999897e-03 3.413085937500000278e-02 3.267866663081953060e-01
3.189999999999999947e+00 -7.475273437499999618e-01 5.717697143554687500e-01 1.163992187500000096e-03 3.322402954101562333e-02 3.263511250472942993e-01
3.200000000000000178e+00 -7.451875000000000027e-01 5.684066772460937278e-01 -8.494023437499999621e-03 3.260818481445312833e-02 3.275566772460935527e-01
3.209999999999999964e+00 -7.398867187500000053e-01 5.603302001953125444e-01 -1.189265624999999958e-02 3.308639526367187361e-02 3.204402097071819000e-01
3.220000000000000195e+00 -7.398867187500000053e-01 5.604370117187500444e-01 -3.000593749999999789e-03 3.288497924804687639e-02 3.210902082137815916e-01
3.229999999999999982e+00 -7.349414062500000400e-01 5.525650024414062722e-01 5.093984374999999988e-03 3.036102294921875014e-02 3.049094447463057134e-01
3.240000000000000213e+00 -7.338593749999999805e-01 5.513854980468749778e-01 -4.277656250000000208e-03 3.264053344726562667e-02 3.130233993960517824e-01
3.250000000000000000e+00 -7.292656250000000284e-01 5.445480346679687500e-01 -5.046875000000000146e-03 3.111816406249999847e-02 3.082829644970401795e-01
3.259999999999999787e+00 -7.255234375000000346e-01 5.390060424804687944e-01 -1.712742187500000072e-03 2.932418823242187444e-02 3.040363519868077291e-01
3.270000000000000018e+00 -7.231171874999999805e-01 5.356079101562499778e-01 3.652031249999999896e-03 3.029067993164062667e-02 3.042783047045248268e-01
3.279999999999999805e+00 -7.203125000000000222e-01 5.315383911132812722e-01 -2.341878906249999885e-03 2.923583984375000000e-02 3.019225093880134603e-01
3.290000000000000036e+00 -7.179335937499999876e-01 5.279342651367187056e-01 -2.784566406249999824e-03 3.031967163085937458e-02 2.957695093443097334e-01
3.299999999999999822e+00 -7.121015625000000071e-01 5.195068359375000222e-01 2.662882812500000102e-03 2.907104492187500069e-02 2.919246427341600780e-01
3.310000000000000053e+00 -7.109804687499999831e-01 5.179748535156250000e-01 5.770859375000000381e-03 2.960586547851562500e-02 2.916454214860905725e-01
3.319999999999999840e+00 -7.078984375000000329e-01 5.135833740234374556e-01 9.796835937499999772e-04 2.812881469726562569e-02 2.894626496384617442e-01
3.330000000000000071e+00 -7.046796874999999849e-01 5.089279174804687278e-01 3.318230468749999891e-03 2.819076538085937486e-02 2.852168032334141956e-01
3.339999999999999858e+00 -7.001679687499999805e-01 5.025543212890625222e-01 2.573082031249999957e-03 2.767105102539062569e-02 2.827009777460434692e-01
3.350000000000000089e+00 -6.993828125000000062e-01 5.016174316406250000e-01 -4.422031249999999747e-03 2.795181274414062361e-02 2.847106245823121107e-01
3.359999999999999876e+00 -6.972773437499999449e-01 4.986190795898437500e-01 3.497070312499999962e-03 2.718933105468750167e-02 2.817094213784162027e-01
3.370000000000000107e+00 -6.941015624999999911e-01 4.942642211914062278e-01 -2.581925781250000128e-03 2.749130249023437611e-02 2.814794516439345640e-01
3.379999999999999893e+00 -6.936757812499999565e-01 4.933715820312499778e-01 -4.336484374999999628e-03 2.712615966796875014e-02 2.730546978260356417e-01
3.390000000000000124e+00 -6.894140625000000355e-01 4.874221801757812611e-01 -5.934570312500000175e-04 2.678146362304687639e-02 2.702195625146834312e-01
3.399999999999999911e+00 -6.850429687500000364e-01 4.814941406250000111e-01 4.615742187499999837e-03 2.630355834960937389e-02 2.704004781439221516e-01
3.410000000000000142e+00 -6.811015624999999796e-01 4.758499145507812389e-01 -2.077777343750000089e-03 2.573684692382812583e-02 2.630995162042818469e-01
3.419999999999999929e+00 -6.789609374999999725e-01 4.731811523437500222e-01 -6.788945312500000058e-03 2.572006225585937375e-02 2.668734490420139327e-01
3.430000000000000160e+00 -6.793164062500000044e-01 4.736007690429687722e-01 1.379320312499999904e-04 2.599441528320312403e-02 2.639442108384897900e-01
3.439999999999999947e+00 -6.758789062500000222e-01 4.687942504882812722e-01 -8.004375000000000422e-04 2.455169677734374972e-02 2.592094012890200916e-01
3.450000000000000178e+00 -6.717343749999999947e-01 4.634658813476562611e-01 2.766386718750000074e-03 2.456390380859374903e-02 2.632334015963033735e-01
3.459999999999999964e+00 -6.703828124999999805e-01 4.613906860351562611e-01 2.371320312499999947e-03 2.524230957031249958e-02 2.561276779524051528e-01
3.470000000000000195e+00 -6.687812499999999938e-01 4.591476440429687611e-01 -1.955468750000000176e-03 2.398284912109375014e-02 2.525638968017347996e-01
3.479999999999999982e+00 -6.664999999999999813e-01 4.563934326171875111e-01 -1.259636718750000014e-03 2.440490722656250139e-02 2.572848749834857895e-01
3.490000000000000213e+00 -6.623671875000000098e-01 4.506256103515625111e-01 -6.340742187499999807e-04 2.364456176757812403e-02 2.500145100922815389e-01
3.500000000000000000e+00 -6.608320312500000071e-01 4.485290527343749889e-01 1.984269531250000031e-03 2.474716186523437389e-02 2.472245124362235369e-01
3.509999999999999787e+00 -6.597343749999999840e-01 4.470977783203125000e-01 -1.913191406250000070e-03 2.338058471679687472e-02 2.461971240087346691e-01
3.520000000000000018e+00 -6.553281250000000391e-01 4.410568237304687278e-01 3.513484375000000114e-03 2.463699340820312347e-02 2.397081056705172020e-01
3.529999999999999805e+00 -6.530859374999999911e-01 4.383514404296874889e-01 3.631265624999999945e-03 2.324096679687499833e-02 2.430427063354168860e-01
3.540000000000000036e+00 -6.500507812500000426e-01 4.343261718750000000e-01 1.970507812499999820e-03 2.328536987304687458e-02 2.402406189029123174e-01
3.549999999999999822e+00 -6.471445312500000435e-01 4.302474975585937611e-01 -1.623378906249999930e-03 2.231613159179687486e-02 2.326182921915281587e-01
3.560000000000000053e+00 -6.463945312500000151e-01 4.296478271484375222e-01 5.826523437499999726e-05 2.290939331054687653e-02 2.387968613767009474e-01
3.569999999999999840e+00 -6.420781250000000551e-01 4.238250732421874889e-01 1.496691406250000083e-03 2.291076660156250028e-02 2.322147045092529671e-01
3.580000000000000071e+00 -6.425234374999999609e-01 4.244079589843750000e-01 -1.283156250000000009e-03 2.250564575195312597e-02 2.311356823581512676e-01
3.589999999999999858e+00 -6.362499999999999822e-01 4.163223266601562278e-01 2.737179687500000138e-04 2.208129882812499833e-02 2.285919278248930708e-01
3.600000000000000089e+00 -6.351289062499999583e-01 4.147994995117187389e-01 -1.773335937499999956e-03 2.154067993164062583e-02 2.253979645905675178e-01
3.609999999999999876e+00 -6.326445312499999751e-01 4.117126464843750000e-01 -3.521437499999999828e-03 2.229187011718750111e-02 2.253840250108387622e-01
3.620000000000000107e+00 -6.324335937499999671e-01 4.112915039062500222e-01 -5.093281249999999719e-03 2.092361450195312500e-02 2.211264057182138476e-01
3.629999999999999893e+00 -6.276718749999999902e-01 4.055038452148437278e-01 -1.944710937500000042e-03 2.063949584960937667e-02 2.240403139205726091e-01
3.640000000000000124e+00 -6.275429687500000409e-01 4.053100585937500222e-01 -1.563835937499999905e-03 2.095474243164062444e-02 2.221930871380071171e-01
3.649999999999999911e+00 -6.242812500000000098e-01 4.011810302734374889e-01 -2.596750000000000100e-03 2.114593505859374903e-02 2.200946894351656358e-01
3.660000000000000142e+00 -6.231015625000000391e-01 3.996276855468750000e-01 -1.226070312499999947e-03 2.087615966796875153e-02 2.173299336629177236e-01
3.669999999999999929e+00 -6.218124999999999902e-01 3.979904174804687611e-01 -3.730878906249999929e-04 2.126068115234374875e-02 2.155295439865171081e-01
3.680000000000000160e+00 -6.195468750000000524e-01 3.949890136718750000e-01 -5.822070312500000422e-04 2.135650634765624833e-02 2.107879650209704137e-01
3.689999999999999947e+00 -6.169765624999999920e-01 3.921356201171875000e-01 1.668882812500000010e-03 2.003936767578124931e-02 2.157547762850598461e-01
3.700000000000000178e+00 -6.138593749999999849e-01 3.882385253906249778e-01 -1.365382812500000060e-03 1.967285156249999958e-02 2.134616097516433830e-01
3.709999999999999964e+00 -6.126601562500000320e-01 3.866790771484375222e-01 2.660374999999999979e-03 2.022552490234375000e-02 2.106648588424775981e-01
3.720000000000000195e+00 -6.088359374999999796e-01 3.818618774414062611e-01 2.902890625000000089e-03 1.985519409179687528e-02 2.068341523857528397e-01
3.729999999999999982e+00 -6.082109374999999929e-01 3.812255859375000000e-01 -6.213515624999999855e-03 1.979278564453125153e-02 2.080149077025637006e-01
3.740000000000000213e+00 -6.044179687499999787e-01 3.766510009765625111e-01 2.944742187500000094e-03 2.016784667968750042e-02 2.073593416557347469e-01
3.750000000000000000e+00 -6.024531250000000338e-01 3.742263793945312389e-01 2.933351562499999978e-03 2.008453369140624986e-02 2.052844488888877217e-01
3.759999999999999787e+00 -6.024882812499999796e-01 3.742553710937500111e-01 -2.854527343750000185e-03 1.929138183593749958e-02 2.039518705327465764e-01
3.770000000000000018e+00 -6.005624999999999991e-01 3.716903686523437278e-01 2.363249999999999899e-03 1.908599853515624903e-02 1.984009860760291011e-01
3.779999999999999805e+00 -5.983515624999999893e-01 3.691345214843749778e-01 4.785390625000000148e-03 1.874359130859375167e-02 1.990525082846924809e-01
3.790000000000000036e+00 -5.968164062499999867e-01 3.672271728515624778e-01 -3.216230468749999797e-03 1.974166870117187444e-02 1.967099658937040696e-01
3.799999999999999822e+00 -5.940742187499999938e-01 3.640136718750000000e-01 -2.119808593750000151e-05 1.957778930664062431e-02 1.966004563603704625e-01
3.810000000000000053e+00 -5.901562500000000488e-01 3.593765258789062278e-01 1.046617187500000021e-03 1.858505249023437514e-02 1.956162037324055969e-01
3.819999999999999840e+00 -5.912382812499999973e-01 3.606277465820312278e-01 -3.583867187500000030e-03 1.869689941406249903e-02 1.941182115240640271e-01
3.830000000000000071e+00 -5.893554687500000000e-01 3.584045410156250222e-01 6.589453124999999445e-05 1.853118896484375056e-02 1.930994247928444207e-01
3.839999999999999858e+00 -5.857578125000000302e-01 3.541107177734375000e-01 1.503500000000000062e-03 1.830871582031250167e-02 1.909462303585465759e-01
3.850000000000000089e+00 -5.850937499999999680e-01 3.533523559570312389e-01 9.552617187499999748e-05 1.824050903320312625e-02 1.902864479676167619e-01
3.859999999999999876e+00 -5.820468749999999636e-01 3.498458862304687500e-01 5.479687499999999533e-04 1.783706665039062542e-02 1.901550586928515418e-01
3.870000000000000107e+00 -5.812148437499999876e-01 3.488464355468750000e-01 2.262765625000000020e-03 1.860046386718750000e-02 1.886338083043720693e-01
3.879999999999999893e+00 -5.779726562500000497e-01 3.448562622070312500e-01 2.362828124999999911e-03 1.806594848632812542e-02 1.837197718669448809e-01
3.890000000000000124e+00 -5.773671875000000453e-01 3.442443847656250222e-01 2.669761718750000043e-04 1.740905761718750111e-02 1.842591566520838664e-01
3.899999999999999911e+00 -5.758124999999999494e-01 3.424072265625000000e-01 -4.984531250000000246e-03 1.714126586914062333e-02 1.825694280078906939e-01
3.910000000000000142e+00 -5.742734375000000391e-01 3.405914306640625000e-01 -4.480703124999999877e-03 1.761138916015625097e-02 1.808708151683328380e-01
3.919999999999999929e+00 -5.714843750000000444e-01 3.373565673828125000e-01 -2.386269531250000044e-03 1.681335449218750167e-02 1.792949023518840557e-01
3.930000000000000160e+00 -5.700468749999999529e-01 3.356353759765625111e-01 -4.346953124999999689e-03 1.753387451171874861e-02 1.770536350186800723e-01
3.939999999999999947e+00 -5.680507812499999698e-01 3.335388183593749889e-01 3.048894531250000064e-03 1.693939208984375153e-02 1.790451209670280153e-01
3.950000000000000178e+00 -5.639804687499999636e-01 3.289199829101562278e-01 -2.005304687499999926e-03 1.671173095703125042e-02 1.779573483315978755e-01
3.959999999999999964e+00 -5.633242187500000497e-01 3.281723022460937278e-01 -1.832566406250000102e-03 1.734619140624999931e-02 1.769309550583952340e-01
3.970000000000000195e+00 -5.638359375000000506e-01 3.286163330078125111e-01 -2.274300781249999955e-03 1.735534667968750139e-02 1.738843821973991843e-01
3.979999999999999982e+00 -5.592578124999999512e-01 3.235595703124999889e-01 -1.347738281250000086e-03 1.655929565429687528e-02 1.743837898269621212e-01
3.990000000000000213e+00 -5.594179687500000497e-01 3.237594604492187722e-01 -2.655144531250000061e-03 1.713867187500000069e-02 1.738440809004803134e-01
4.000000000000000000e+00 -5.580898437500000364e-01 3.220901489257812500e-01 5.566210937500000412e-04 1.702987670898437403e-02 1.700140036621089479e-01
4.009999999999999787e+00 -5.554140625000000275e-01 3.191696166992187278e-01 3.145386718750000071e-03 1.691192626953124875e-02 1.701057819525368386e-01
4.019999999999999574e+00 -5.524140625000000249e-01 3.157852172851562389e-01 2.995476562500000092e-03 1.605102539062500111e-02 1.682955703061183861e-01
4.030000000000000249e+00 -5.531875000000000542e-01 3.168258666992187500e-01 5.003007812499999860e-04 1.628005981445312597e-02 1.703859315062575264e-01
4.040000000000000036e+00 -5.493789062499999654e-01 3.124176025390624778e-01 1.177625000000000069e-03 1.613235473632812500e-02 1.662647961041663347e-01
4.049999999999999822e+00 -5.481367187500000293e-01 3.111190795898437500e-01 2.448816406250000147e-03 1.633316040039062625e-02 1.664560640051058749e-01
4.059999999999999609e+00 -5.476601562499999742e-01 3.106613159179687500e-01 1.114480468749999911e-03 1.611984252929687597e-02 1.666380710884613481e-01
4.070000000000000284e+00 -5.458281249999999973e-01 3.086364746093749889e-01 -1.448304687499999939e-03 1.591369628906250111e-02 1.654873822057477684e-01
4.080000000000000071e+00 -5.442187499999999734e-01 3.066680908203124889e-01 1.439449218750000082e-03 1.627227783203125111e-02 1.613847438485198904e-01
4.089999999999999858e+00 -5.423632812499999956e-01 3.046249389648437722e-01 -1.008808593750000048e-04 1.612762451171875083e-02 1.601828414370885800e-01
4.099999999999999645e+00 -5.405195312499999627e-01 3.026641845703125222e-01 1.567511718749999949e-04 1.571365356445312417e-02 1.599477782476961263e-01
4.110000000000000320e+00 -5.398085937500000098e-01 3.018127441406249778e-01 1.074121093750000009e-05 1.576446533203125153e-02 1.579065433601355428e-01
4.120000000000000107e+00 -5.388593750000000293e-01 3.009216308593750111e-01 -4.892382812499999678e-05 1.546768188476562583e-02 1.591434417416809910e-01
4.129999999999999893e+00 -5.358945312499999725e-01 2.977706909179687611e-01 5.163632812500000037e-04 1.577163696289062347e-02 1.589070714692450703e-01
4.139999999999999680e+00 -5.347148437500000018e-01 2.963592529296875111e-01 -2.079195312500000097e-03 1.536697387695312549e-02 1.559230048305531025e-01
4.150000000000000355e+00 -5.329335937500000453e-01 2.944961547851562278e-01 3.006062500000000054e-03 1.547409057617187521e-02 1.557469877249950396e-01
4.160000000000000142e+00 -5.309882812499999716e-01 2.923187255859375222e-01 -7.705546874999999723e-04 1.528015136718749965e-02 1.534048929158056962e-01
4.169999999999999929e+00 -5.298007812499999636e-01 2.910858154296874778e-01 3.404218750000000127e-04 1.499623107910156260e-02 1.530642300458197602e-01
4.179999999999999716e+00 -5.286289062500000302e-01 2.898956298828124778e-01 -1.527019531250000057e-03 1.524671936035156168e-02 1.530676951130772734e-01
4.190000000000000391e+00 -5.266523437500000293e-01 2.877349853515625000e-01 4.389843749999999757e-04 1.493611145019531176e-02 1.512469915638295359e-01
4.200000000000000178e+00 -5.251640625000000284e-01 2.861450195312499889e-01 -2.110199218750000096e-04 1.520794677734375010e-02 1.501710946357705523e-01
4.209999999999999964e+00 -5.236445312499999893e-01 2.845764160156250000e-01 -9.832929687499999006e-04 1.498530578613281247e-02 1.498209868113897225e-01
4.219999999999999751e+00 -5.235742187499999867e-01 2.844711303710937278e-01 1.006222656250000064e-03 1.467840576171875085e-02 1.486567555110933359e-01
4.230000000000000426e+00 -5.202812500000000284e-01 2.810577392578125222e-01 2.617496093749999923e-03 1.474801635742187429e-02 1.482979841166048307e-01
4.240000000000000213e+00 -5.192070312500000062e-01 2.799331665039062611e-01 4.907929687500000183e-04 1.492120361328124964e-02 1.474862969664336165e-01
4.250000000000000000e+00 -5.167968750000000444e-01 2.773361206054687500e-01 -5.866484375000000388e-04 1.457786560058593750e-02 1.453741349480959233e-01
4.259999999999999787e+00 -5.173515625000000284e-01 2.778884887695312611e-01 7.659921874999999630e-04 1.462257385253906174e-02 1.443925083413233057e-01
4.269999999999999574e+00 -5.140351562499999583e-01 2.745483398437499889e-01 2.395183593750000069e-03 1.456823730468750043e-02 1.448451252183554916e-01
4.280000000000000249e+00 -5.114843749999999911e-01 2.717742919921875000e-01 -4.796718750000000093e-04 1.426182556152343767e-02 1.419586146988822406e-01
4.290000000000000036e+00 -5.108789062499999867e-01 2.712585449218750111e-01 -1.333292968749999951e-03 1.427494812011718787e-02 1.427339422244908729e-01
4.299999999999999822e+00 -5.117656250000000018e-01 2.721481323242187500e-01 -1.232167968750000082e-03 1.470950317382812428e-02 1.418325479989179794e-01
4.309999999999999609e+00 -5.080546875000000462e-01 2.682418823242187500e-01 -2.527285156250000235e-04 1.438848876953125085e-02 1.394971554510900658e-01
4.320000000000000284e+00 -5.067187499999999956e-01 2.669387817382812278e-01 3.391566406250000158e-03 1.387007141113281300e-02 1.395732529042350845e-01
4.330000000000000071e+00 -5.064921875000000240e-01 2.667572021484375111e-01 4.643749999999999983e-04 1.389456176757812578e-02 1.395843881174357592e-01
4.339999999999999858e+00 -5.039140625000000373e-01 2.641708374023437611e-01 -1.262773437500000007e-03 1.424859619140625075e-02 1.391945297402259196e-01
4.349999999999999645e+00 -5.037460937500000124e-01 2.639953613281250111e-01 4.611679687499999894e-04 1.419761657714843812e-02 1.384711320435329795e-01
4.360000000000000320e+00 -5.018671875000000338e-01 2.619476318359375000e-01 1.847863281250000005e-03 1.424369812011718785e-02 1.357051823486550846e-01
4.370000000000000107e+00 -5.012031249999999716e-01 2.613601684570312500e-01 2.076031250000000185e-03 1.392407226562500031e-02 1.361389839450388162e-01
4.379999999999999893e+00 -5.005859375000000222e-01 2.608352661132812278e-01 7.927109374999999857e-05 1.378631591796875000e-02 1.367642581667913582e-01
4.389999999999999680e+00 -4.980664062499999822e-01 2.581924438476562722e-01 6.843007812500000132e-04 1.373826599121093749e-02 1.344590623800084039e-01
4.400000000000000355e+00 -4.960429687499999796e-01 2.561630249023437722e-01 5.529375000000000435e-04 1.378898620605468681e-02 1.336118751210618738e-01
4.410000000000000142e+00 -4.968437499999999729e-01 2.570022583007812722e-01 1.311074218750000065e-03 1.389164733886718781e-02 1.335877476463003533e-01
4.419999999999999929e+00 -4.935742187500000155e-01 2.535949707031249778e-01 2.319710937499999941e-03 1.402793884277343806e-02 1.307683140109612008e-01
4.429999999999999716e+00 -4.924921875000000115e-01 2.525573730468749778e-01 -2.619382812499999966e-03 1.359260559082031174e-02 1.305615562053814016e-01
4.440000000000000391e+00 -4.925468749999999951e-01 2.525619506835937722e-01 1.479902343749999990e-03 1.311532592773437429e-02 1.293340035559211176e-01
4.450000000000000178e+00 -4.919414062499999907e-01 2.520309448242187278e-01 1.474316406250000041e-03 1.319268798828125006e-02 1.295945964445775478e-01
4.459999999999999964e+00 -4.888281250000000022e-01 2.488891601562500111e-01 -7.743632812499999865e-04 1.361242675781250064e-02 1.278767639355307961e-01
4.469999999999999751e+00 -4.861328125000000111e-01 2.463790893554687611e-01 7.746757812499999738e-04 1.330606079101562429e-02 1.288139352769393231e-01
4.480000000000000426e+00 -4.849101562500000018e-01 2.452590942382812389e-01 2.146769531250000023e-04 1.326806640624999915e-02 1.290973801515536978e-01
4.490000000000000213e+00 -4.859140625000000213e-01 2.461349487304687611e-01 -1.148171875000000050e-04 1.291532897949218724e-02 1.272688619786109809e-01
4.500000000000000000e+00 -4.841054687499999898e-01 2.443954467773437611e-01 -2.170667968750000180e-03 1.324555969238281304e-02 1.268918285108027733e-01
4.509999999999999787e+00 -4.826718749999999725e-01 2.429626464843749889e-01 9.731132812500000199e-04 1.319683837890625079e-02 1.257402833565226252e-01
4.519999999999999574e+00 -4.806132812500000240e-01 2.409164428710937611e-01 9.995703125000000248e-04 1.304933166503906283e-02 1.243927230912632576e-01
4.530000000000000249e+00 -4.802890624999999747e-01 2.405868530273437556e-01 -7.379101562499999593e-04 1.305192565917968721e-02 1.236189925575878895e-01
4.540000000000000036e+00 -4.786328125000000044e-01 2.390884399414062444e-01 -2.349042968749999894e-03 1.326875305175781276e-02 1.241903641335461994e-01
4.549999999999999822e+00 -4.787656249999999725e-01 2.393280029296875056e-01 -2.923078124999999895e-03 1.336611938476562483e-02 1.250350772853522641e-01
4.559999999999999609e+00 -4.769921874999999978e-01 2.373641967773437444e-01 -1.755425781249999933e-03 1.280281066894531188e-02 1.211775911518447324e-01
4.570000000000000284e+00 -4.760078125000000160e-01 2.365005493164062389e-01 -2.330601562499999991e-03 1.300126647949218818e-02 1.215605824962051884e-01
4.580000000000000071e+00 -4.734882812499999760e-01 2.340438842773437389e-01 3.719343750000000129e-05 1.266612243652343733e-02 1.202446244276308140e-01
4.589999999999999858e+00 -4.724296874999999729e-01 2.331756591796874944e-01 2.214753906249999817e-03 1.286134338378906207e-02 1.213387768415284534e-01
4.599999999999999645e+00 -4.717265625000000018e-01 2.325088500976562611e-01 -9.478242187499999905e-04 1.247543334960937549e-02 1.207761098475898243e-01
4.610000000000000320e+00 -4.695703124999999756e-01 2.303375244140624944e-01 3.988125000000000039e-06 1.252543640136718692e-02 1.185463546837725729e-01
4.620000000000000107e+00 -4.681093749999999942e-01 2.289871215820312444e-01 -8.413281249999999536e-04 1.259780883789062521e-02 1.182674641826429035e-01
4.629999999999999893e+00 -4.695351562499999742e-01 2.303710937500000056e-01 -2.563843750000000096e-05 1.270390319824218732e-02 1.183195650301003821e-01
4.639999999999999680e+00 -4.649062500000000209e-01 2.259063720703125000e-01 2.387000000000000016e-04 1.233483886718749964e-02 1.161539926426869151e-01
4.650000000000000355e+00 -4.661171874999999742e-01 2.271713256835937444e-01 2.099082031249999982e-04 1.261654663085937447e-02 1.172833788588278359e-01
4.660000000000000142e+00 -4.653320312500000000e-01 2.264312744140624944e-01 -3.003906250000000066e-03 1.250270080566406178e-02 1.166777812882788534e-01
4.669999999999999929e+00 -4.629648437500000213e-01 2.240417480468749889e-01 -1.931027343749999910e-03 1.233187866210937525e-02 1.139240027508835185e-01
4.679999999999999716e+00 -4.612617187499999938e-01 2.225967407226562556e-01 2.693390624999999848e-05 1.189448547363281330e-02 1.149462200418105706e-01
4.690000000000000391e+00 -4.608242187500000142e-01 2.222396850585937611e-01 -1.755144531250000086e-03 1.244398498535156244e-02 1.149960886176982638e-01
4.700000000000000178e+00 -4.593437499999999951e-01 2.207504272460937556e-01 -5.494101562499999853e-04 1.220031738281249917e-02 1.130357231779087063e-01
4.709999999999999964e+00 -4.585312500000000013e-01 2.200073242187499944e-01 -1.816171875000000078e-03 1.222926330566406240e-02 1.125870668632036886e-01
4.719999999999999751e+00 -4.571093749999999845e-01 2.187484741210937444e-01 1.025855468749999966e-03 1.223788452148437574e-02 1.126054973651609420e-01
4.730000000000000426e+00 -4.554296875000000133e-01 2.172042846679687611e-01 5.585859374999999462e-04 1.221343994140624938e-02 1.119993210256605698e-01
4.740000000000000213e+00 -4.543007812500000075e-01 2.161514282226562611e-01 2.849105468750000184e-04 1.210375976562499956e-02 1.112326401059192810e-01
4.750000000000000000e+00 -4.549804687499999778e-01 2.167663574218750000e-01 1.367523437500000032e-03 1.225331115722656274e-02 1.107296355609421745e-01
4.759999999999999787e+00 -4.533984374999999734e-01 2.153121948242187611e-01 -5.714257812499999936e-04 1.222398376464843735e-02 1.100719067498327902e-01
4.769999999999999574e+00 -4.515390624999999769e-01 2.136291503906249944e-01 1.201472656249999958e-03 1.207275390625000069e-02 1.096060770000748391e-01
4.780000000000000249e+00 -4.502148437499999822e-01 2.123352050781250056e-01 4.432851562499999943e-04 1.198757934570312579e-02 1.080294761818662574e-01
4.790000000000000036e+00 -4.488007812500000027e-01 2.111801147460937444e-01 2.529574218750000030e-03 1.173973083496093750e-02 1.088751014353906005e-01
4.799999999999999822e+00 -4.507695312500000218e-01 2.129028320312499889e-01 -1.738570312500000098e-03 1.190402221679687580e-02 1.078851303100582804e-01
4.809999999999999609e+00 -4.481093749999999765e-01 2.105331420898437500e-01 4.258203124999999836e-04 1.203112792968749969e-02 1.076745567532992193e-01
4.820000000000000284e+00 -4.462226562500000160e-01 2.088317871093750000e-01 -2.433105468749999830e-03 1.182478332519531182e-02 1.070739488212042040e-01
4.830000000000000071e+00 -4.452343750000000155e-01 2.077804565429687556e-01 -3.108097656249999749e-04 1.165715026855468697e-02 1.047620253205250179e-01
4.839999999999999858e+00 -4.446132812499999920e-01 2.073532104492187556e-01 3.370328124999999735e-04 1.172550964355468725e-02 1.057003274129054010e-01
4.849999999999999645e+00 -4.434257812499999840e-01 2.061492919921875111e-01 -7.880546875000000182e-04 1.189707946777343768e-02 1.036392534740678134e-01
4.860000000000000320e+00 -4.427929687500000155e-01 2.057373046875000111e-01 7.823671874999999680e-04 1.187658691406250078e-02 1.048262048190379547e-01
4.870000000000000107e+00 -4.413671874999999800e-01 2.044647216796874889e-01 1.986085937499999787e-03 1.133189392089843824e-02 1.042670093635762046e-01
4.879999999999999893e+00 -4.411992187500000107e-01 2.043563842773437611e-01 2.430859374999999861e-03 1.198255920410156231e-02 1.042691067103832664e-01
4.889999999999999680e+00 -4.396718749999999898e-01 2.028839111328125111e-01 -1.517484374999999953e-03 1.128926086425781176e-02 1.024825794263157369e-01
4.900000000000000355e+00 -4.379843749999999813e-01 2.015335083007812611e-01 -1.190124999999999994e-04 1.139344787597656311e-02 1.034576452519785639e-01
4.910000000000000142e+00 -4.377812500000000107e-01 2.012802124023437556e-01 5.792968749999999507e-04 1.142501831054687500e-02 1.022359341880944711e-01
4.919999999999999929e+00 -4.361992187500000062e-01 1.999099731445312389e-01 6.028789062500000077e-04 1.155569458007812446e-02 1.019521682217820052e-01
4.929999999999999716e+00 -4.358203124999999734e-01 1.995635986328125056e-01 1.695539062500000052e-04 1.111405944824218721e-02 1.013708751887482384e-01
4.940000000000000391e+00 -4.341249999999999831e-01 1.980270385742187444e-01 -7.395820312500000051e-04 1.134707641601562580e-02 1.003133093068235560e-01
4.950000000000000178e+00 -4.333828124999999920e-01 1.973617553710937389e-01 -5.602617187499999958e-04 1.132247924804687458e-02 9.968451624834187563e-02
4.959999999999999964e+00 -4.309414062499999920e-01 1.952758789062500056e-01 2.026464843750000000e-04 1.124476623535156268e-02 9.953572617609236783e-02
4.969999999999999751e+00 -4.318593749999999898e-01 1.961380004882812556e-01 1.451046875000000080e-03 1.131741333007812468e-02 9.986207233339690348e-02
4.980000000000000426e+00 -4.311914062500000200e-01 1.956176757812500000e-01 1.428488281249999962e-03 1.140196228027343800e-02 1.000411937345262042e-01
4.990000000000000213e+00 -4.301953124999999822e-01 1.945434570312500056e-01 -6.593398437499999867e-04 1.129801940917968782e-02 9.741789126850915193e-02
5.000000000000000000e+00 -4.285156250000000111e-01 1.931198120117187389e-01 -8.535351562500000187e-04 1.116662597656250047e-02 9.722031249999986413e-02
