5.000000000000000000e-01 -2.000000000000000000e+00 3.999996185302734375e+00 1.000000000000000000e+00 1.000003814697265625e+00 -1.562500000000000000e-02
5.100000000000000089e-01 -2.000000000000000000e+00 3.999996185302734375e+00 1.000000000000000000e+00 1.000003814697265625e+00 -1.501826220684352245e-02
5.200000000000000178e-01 -2.000000000000000000e+00 3.999996185302734375e+00 1.000000000000000000e+00 1.000003814697265625e+00 -1.444619082840236518e-02
5.300000000000000266e-01 -2.000000000000000000e+00 3.999996185302734375e+00 1.000000000000000000e+00 9.999942779541015625e-01 -1.390619437522249736e-02
5.400000000000000355e-01 -2.000000000000000000e+00 3.999977111816406250e+00 1.000000000000000000e+00 9.999942779541015625e-01 -8.037551440329217256e-02
5.500000000000000444e-01 -2.000000000000000000e+00 3.999986648559570312e+00 1.000000000000000000e+00 9.999942779541015625e-01 -4.519628099173553237e-02
5.600000000000000533e-01 -2.000000000000000000e+00 3.999986648559570312e+00 1.000000000000000000e+00 9.999942779541015625e-01 -4.359654017857142461e-02
5.699999999999999512e-01 -1.999990234375000009e+00 3.999977111816406250e+00 1.000000000000000000e+00 9.999942779541015625e-01 5.097692318830259611e-02
5.799999999999999600e-01 -1.999990234375000009e+00 3.999958038330078125e+00 1.000000000000000000e+00 9.999942779541015625e-01 -8.825349750655435074e-03
5.899999999999999689e-01 -1.999980468750000018e+00 3.999938964843750000e+00 1.000000000000000000e+00 9.999942779541015625e-01 5.027178792052876266e-02
5.999999999999999778e-01 -1.999990234375000009e+00 3.999958038330078125e+00 1.000000000000000000e+00 9.999942779541015625e-01 -8.246799044779134363e-03
6.099999999999999867e-01 -1.999980468750000018e+00 3.999919891357421875e+00 9.999902343750000089e-01 9.999942779541015625e-01 -5.459931805600482489e-03
6.199999999999999956e-01 -1.999980468750000018e+00 3.999910354614257812e+00 9.999902343750000089e-01 9.999847412109375000e-01 -3.069007706780421327e-02
6.300000000000000044e-01 -1.999970703125000027e+00 3.999891281127929688e+00 9.999902343750000089e-01 9.999847412109375000e-01 2.184680295734352240e-02
6.400000000000000133e-01 -1.999970703125000027e+00 3.999872207641601562e+00 9.999902343750000089e-01 9.999847412109375000e-01 -2.651429176325770243e-02
6.500000000000000222e-01 -1.999970703125000027e+00 3.999881744384765625e+00 9.999902343750000089e-01 9.999847412109375000e-01 -2.590837647882496698e-03
6.600000000000000311e-01 -1.999951171875000044e+00 3.999805450439453125e+00 9.999902343750000089e-01 9.999752044677734375e-01 1.787898516121833427e-03
6.700000000000000400e-01 -1.999951171875000044e+00 3.999824523925781250e+00 9.999902343750000089e-01 9.999752044677734375e-01 4.524406013281948719e-02
6.800000000000000488e-01 -1.999941406250000053e+00 3.999757766723632812e+00 9.999804687500000178e-01 9.999656677246093750e-01 -1.741001432776359548e-02
6.899999999999999467e-01 -1.999931640625000062e+00 3.999719619750976562e+00 9.999804687500000178e-01 9.999656677246093750e-01 -1.494257541810840688e-02
6.999999999999999556e-01 -1.999912109375000080e+00 3.999662399291992188e+00 9.999804687500000178e-01 9.999561309814453125e-01 2.916115274126000398e-02
7.099999999999999645e-01 -1.999892578125000098e+00 3.999576568603515625e+00 9.999707031250000266e-01 9.999465942382812500e-01 1.268485140530420732e-02
7.199999999999999734e-01 -1.999882812500000107e+00 3.999547958374023438e+00 9.999707031250000266e-01 9.999465942382812500e-01 3.297706886448738273e-02
7.299999999999999822e-01 -1.999843749999999920e+00 3.999366760253906250e+00 9.999609375000000355e-01 9.999179840087890625e-01 -1.588009007223827734e-02
7.399999999999999911e-01 -1.999843749999999920e+00 3.999366760253906250e+00 9.999609375000000355e-01 9.999179840087890625e-01 -1.545379839206679345e-02
7.500000000000000000e-01 -1.999804687499999956e+00 3.999223709106445312e+00 9.999511718750000444e-01 9.998989105224609375e-01 8.958333333592034819e-03
7.600000000000000089e-01 -1.999775390624999982e+00 3.999118804931640625e+00 9.999414062500000533e-01 9.998893737792968750e-01 3.047886053291776545e-02
7.700000000000000178e-01 -1.999726562500000027e+00 3.998928070068359375e+00 9.999316406249999512e-01 9.998607635498046875e-01 3.755639652537074574e-02
7.800000000000000266e-01 -1.999726562500000027e+00 3.998889923095703125e+00 9.999316406249999512e-01 9.998607635498046875e-01 -2.760570759386535636e-02
7.900000000000000355e-01 -1.999687500000000062e+00 3.998756408691406250e+00 9.999218749999999600e-01 9.998416900634765625e-01 1.035491107121145476e-02
8.000000000000000444e-01 -1.999638671875000107e+00 3.998546600341796875e+00 9.999121093749999689e-01 9.998130798339843750e-01 -1.314834594765556912e-02
8.100000000000000533e-01 -1.999580078124999938e+00 3.998308181762695312e+00 9.998925781249999867e-01 9.997844696044921875e-01 -1.920811066333760059e-02
8.199999999999999512e-01 -1.999550781249999964e+00 3.998212814331054688e+00 9.998828124999999956e-01 9.997749328613281250e-01 1.444859365720952728e-02
8.299999999999999600e-01 -1.999443359375000062e+00 3.997783660888671875e+00 9.998632812500000133e-01 9.997177124023437500e-01 1.473575968007301285e-02
8.399999999999999689e-01 -1.999394531250000107e+00 3.997573852539062500e+00 9.998437500000000311e-01 9.996986389160156250e-01 -6.732413017721280632e-03
8.499999999999999778e-01 -1.999316406249999956e+00 3.997268676757812500e+00 9.998242187500000488e-01 9.996509552001953125e-01 3.662954152198782606e-03
8.599999999999999867e-01 -1.999189453125000071e+00 3.996763229370117188e+00 9.997949218749999645e-01 9.995937347412109375e-01 6.590212403336547994e-03
8.699999999999999956e-01 -1.999150390625000107e+00 3.996601104736328125e+00 9.997851562499999734e-01 9.995651245117187500e-01 -1.595864918230551930e-03
8.800000000000000044e-01 -1.999042968749999982e+00 3.996171951293945312e+00 9.997558593750000000e-01 9.995174407958984375e-01 -1.110234536591926582e-03
8.900000000000000133e-01 -1.998994140625000027e+00 3.995981216430664062e+00 9.997460937500000089e-01 9.994888305664062500e-01 4.708483579996307344e-03
9.000000000000000222e-01 -1.998837890624999947e+00 3.995380401611328125e+00 9.997070312500000444e-01 9.994125366210937500e-01 3.475103684436755408e-02
9.100000000000000311e-01 -1.998720703125000053e+00 3.994874954223632812e+00 9.996777343749999600e-01 9.993553161621093750e-01 -1.174103840878751130e-02
9.200000000000000400e-01 -1.998603515624999938e+00 3.994426727294921875e+00 9.996484374999999867e-01 9.992885589599609375e-01 1.296287493373289926e-02
9.300000000000000488e-01 -1.998427734375000098e+00 3.993721008300781250e+00 9.995996093750000311e-01 9.992027282714843750e-01 8.996591910441774018e-03
9.399999999999999467e-01 -1.998339843749999956e+00 3.993368148803710938e+00 9.995800781250000488e-01 9.991550445556640625e-01 6.973867558911917529e-03
9.499999999999999556e-01 -1.998115234374999938e+00 3.992481231689453125e+00 9.995214843749999911e-01 9.990406036376953125e-01 1.899573666947652548e-02
9.599999999999999645e-01 -1.998046875000000000e+00 3.992204666137695312e+00 9.995019531250000089e-01 9.990119934082031250e-01 1.483493381076388985e-02
9.699999999999999734e-01 -1.997763671875000036e+00 3.991069793701171875e+00 9.994238281249999689e-01 9.988594055175781250e-01 1.099751152494558848e-02
9.799999999999999822e-01 -1.997578124999999982e+00 3.990325927734375000e+00 9.993847656250000044e-01 9.987735748291015625e-01 8.063046647144713613e-03
9.899999999999999911e-01 -1.997402343749999920e+00 3.989629745483398438e+00 9.993359375000000488e-01 9.986782073974609375e-01 1.423284294993508448e-02
1.000000000000000000e+00 -1.997187499999999893e+00 3.988790512084960938e+00 9.992871093749999822e-01 9.985733032226562500e-01 3.338437500042346073e-02
1.010000000000000009e+00 -1.996992187500000071e+00 3.987998962402343750e+00 9.992285156250000355e-01 9.984588623046875000e-01 2.124638515820511525e-02
1.020000000000000018e+00 -1.996582031250000000e+00 3.986377716064453125e+00 9.991308593750000133e-01 9.982585906982421875e-01 3.731099517012687744e-02
1.030000000000000027e+00 -1.996347656249999991e+00 3.985424041748046875e+00 9.990624999999999645e-01 9.981346130371093750e-01 1.937881456775325181e-02
1.040000000000000036e+00 -1.996044921875000044e+00 3.984222412109375000e+00 9.989843750000000355e-01 9.979820251464843750e-01 2.563973150306362442e-02
1.050000000000000044e+00 -1.995800781250000044e+00 3.983240127563476562e+00 9.989257812499999778e-01 9.978485107421875000e-01 1.799000850303838703e-02
1.060000000000000053e+00 -1.995400390624999964e+00 3.981666564941406250e+00 9.988183593749999645e-01 9.976482391357421875e-01 3.995936262345332890e-02
1.070000000000000062e+00 -1.995175781249999947e+00 3.980770111083984375e+00 9.987597656250000178e-01 9.975337982177734375e-01 3.909695988764923941e-02
1.080000000000000071e+00 -1.994697265624999938e+00 3.978843688964843750e+00 9.986328125000000222e-01 9.972763061523437500e-01 2.327130687925762359e-02
1.090000000000000080e+00 -1.994511718750000107e+00 3.978137969970703125e+00 9.985937499999999467e-01 9.971904754638671875e-01 5.255206579792438132e-02
1.100000000000000089e+00 -1.993984374999999920e+00 3.976039886474609375e+00 9.984472656249999689e-01 9.969043731689453125e-01 5.602272727282828907e-02
1.110000000000000098e+00 -1.993457031249999956e+00 3.973922729492187500e+00 9.983105468749999822e-01 9.966278076171875000e-01 4.304610776321285415e-02
1.120000000000000107e+00 -1.993027343749999902e+00 3.972234725952148438e+00 9.982031249999999689e-01 9.964084625244140625e-01 6.263919752488004977e-02
1.129999999999999893e+00 -1.992705078124999973e+00 3.970937728881835938e+00 9.981152343750000488e-01 9.962368011474609375e-01 5.148508778582119860e-02
1.139999999999999902e+00 -1.992060546874999893e+00 3.968362808227539062e+00 9.979492187499999778e-01 9.959030151367187500e-01 4.537386203017076958e-02
1.149999999999999911e+00 -1.991523437499999938e+00 3.966245651245117188e+00 9.978027343750000000e-01 9.956169128417968750e-01 6.198133270343203494e-02
1.159999999999999920e+00 -1.991103515625000098e+00 3.964576721191406250e+00 9.976953124999999867e-01 9.953975677490234375e-01 6.355196740742571904e-02
1.169999999999999929e+00 -1.990458984375000018e+00 3.962001800537109375e+00 9.975195312500000355e-01 9.950542449951171875e-01 5.597781236303509683e-02
1.179999999999999938e+00 -1.989980468750000009e+00 3.960113525390625000e+00 9.973925781250000400e-01 9.948062896728515625e-01 6.711405442046593228e-02
1.189999999999999947e+00 -1.989267578124999991e+00 3.957290649414062500e+00 9.972070312499999867e-01 9.944343566894531250e-01 7.603677960150950765e-02
1.199999999999999956e+00 -1.988759765625000009e+00 3.955249786376953125e+00 9.970703125000000000e-01 9.941577911376953125e-01 6.000427246104007156e-02
1.209999999999999964e+00 -1.987812499999999982e+00 3.951501846313476562e+00 9.968164062500000089e-01 9.936523437500000000e-01 7.225642032667276005e-02
1.219999999999999973e+00 -1.987099609374999964e+00 3.948659896850585938e+00 9.966210937499999645e-01 9.932613372802734375e-01 6.538579336460352553e-02
1.229999999999999982e+00 -1.986406249999999929e+00 3.945932388305664062e+00 9.964453125000000133e-01 9.928989410400390625e-01 8.298012095988661907e-02
1.239999999999999991e+00 -1.985585937500000009e+00 3.942680358886718750e+00 9.962207031249999956e-01 9.924602508544921875e-01 8.580641096497627907e-02
1.250000000000000000e+00 -1.984658203124999964e+00 3.939008712768554688e+00 9.959667968750000044e-01 9.919548034667968750e-01 9.209743750019697139e-02
1.260000000000000009e+00 -1.984111328125000018e+00 3.936815261840820312e+00 9.958203125000000266e-01 9.916782379150390625e-01 7.578699520881976293e-02
1.270000000000000018e+00 -1.983134765625000018e+00 3.932981491088867188e+00 9.955664062500000355e-01 9.911537170410156250e-01 1.003064525658663858e-01
1.280000000000000027e+00 -1.982285156249999902e+00 3.929605484008789062e+00 9.953222656250000355e-01 9.906768798828125000e-01 9.440207481420381797e-02
1.290000000000000036e+00 -1.981318359374999893e+00 3.925762176513671875e+00 9.950585937500000533e-01 9.901523590087890625e-01 8.598579703388167794e-02
1.300000000000000044e+00 -1.980341796874999893e+00 3.921928405761718750e+00 9.948046874999999512e-01 9.896373748779296875e-01 1.058981485765093378e-01
1.310000000000000053e+00 -1.979394531250000089e+00 3.918199539184570312e+00 9.945312499999999778e-01 9.891128540039062500e-01 1.174481291152453533e-01
1.320000000000000062e+00 -1.977988281250000036e+00 3.912639617919921875e+00 9.941308593750000089e-01 9.883213043212890625e-01 1.187009925246568787e-01
1.330000000000000071e+00 -1.976904296874999911e+00 3.908367156982421875e+00 9.938476562500000444e-01 9.877586364746093750e-01 1.253634298684674353e-01
1.340000000000000080e+00 -1.976064453125000009e+00 3.905038833618164062e+00 9.936230468750000266e-01 9.873104095458984375e-01 1.186819843471046965e-01
1.350000000000000089e+00 -1.974755859375000089e+00 3.899860382080078125e+00 9.932617187500000222e-01 9.865760803222656250e-01 1.121921617795559184e-01
1.360000000000000098e+00 -1.973388671875000000e+00 3.894500732421875000e+00 9.928808593750000355e-01 9.858322143554687500e-01 1.316994531756865983e-01
1.370000000000000107e+00 -1.972207031249999964e+00 3.889837265014648438e+00 9.925585937499999956e-01 9.851932525634765625e-01 1.291339359450828228e-01
1.379999999999999893e+00 -1.970625000000000071e+00 3.883628845214843750e+00 9.920898437499999778e-01 9.842681884765625000e-01 1.430043583278691743e-01
1.389999999999999902e+00 -1.969589843749999902e+00 3.879556655883789062e+00 9.918164062500000044e-01 9.837150573730468750e-01 1.444249052199494121e-01
1.399999999999999911e+00 -1.968291015624999973e+00 3.874454498291015625e+00 9.914355468750000178e-01 9.829807281494140625e-01 1.488854731345485294e-01
1.409999999999999920e+00 -1.966582031249999973e+00 3.867721557617187500e+00 9.909570312500000089e-01 9.820079803466796875e-01 1.425039532090674188e-01
1.419999999999999929e+00 -1.965195312499999902e+00 3.862295150756835938e+00 9.905664062500000311e-01 9.812450408935546875e-01 1.536378260762883141e-01
1.429999999999999938e+00 -1.963662109374999964e+00 3.856287002563476562e+00 9.901269531249999867e-01 9.803867340087890625e-01 1.593025159390694667e-01
1.439999999999999947e+00 -1.961640625000000027e+00 3.848352432250976562e+00 9.895410156249999645e-01 9.792137145996093750e-01 1.572793089313454240e-01
1.449999999999999956e+00 -1.960078124999999893e+00 3.842258453369140625e+00 9.891015625000000311e-01 9.783458709716796875e-01 1.715338882285529498e-01
1.459999999999999964e+00 -1.958740234375000000e+00 3.837041854858398438e+00 9.886816406249999689e-01 9.775257110595703125e-01 1.818513217037671381e-01
1.469999999999999973e+00 -1.956699218750000080e+00 3.829040527343750000e+00 9.880957031249999467e-01 9.763622283935546875e-01 1.747157940555384148e-01
1.479999999999999982e+00 -1.955605468749999964e+00 3.824796676635742188e+00 9.878124999999999822e-01 9.758090972900390625e-01 1.888337675197218068e-01
1.489999999999999991e+00 -1.952705078124999938e+00 3.813495635986328125e+00 9.869628906249999778e-01 9.741306304931640625e-01 2.022603412431801806e-01
1.500000000000000000e+00 -1.950927734375000000e+00 3.806562423706054688e+00 9.864550781249999956e-01 9.731197357177734375e-01 2.017957899305555525e-01
1.510000000000000009e+00 -1.949169921875000044e+00 3.799715042114257812e+00 9.859179687500000400e-01 9.720706939697265625e-01 2.028409098694972934e-01
1.520000000000000018e+00 -1.946865234374999920e+00 3.790769577026367188e+00 9.852343749999999956e-01 9.707355499267578125e-01 2.151074607617411705e-01
1.530000000000000027e+00 -1.945068359375000000e+00 3.783779144287109375e+00 9.847167968750000222e-01 9.697151184082031250e-01 2.135669891254431962e-01
1.540000000000000036e+00 -1.942509765625000107e+00 3.773870468139648438e+00 9.839355468749999556e-01 9.681797027587890625e-01 2.272344734961477819e-01
1.550000000000000044e+00 -1.940234374999999956e+00 3.765029907226562500e+00 9.832421875000000311e-01 9.668159484863281250e-01 2.218392299688809188e-01
1.560000000000000053e+00 -1.938525390624999956e+00 3.758430480957031250e+00 9.827636718750000222e-01 9.658813476562500000e-01 2.313386915860472237e-01
1.570000000000000062e+00 -1.935849609374999947e+00 3.748083114624023438e+00 9.819433593749999911e-01 9.642696380615234375e-01 2.365492372283483913e-01
1.580000000000000071e+00 -1.933076171875000027e+00 3.737392425537109375e+00 9.810937499999999867e-01 9.626102447509765625e-01 2.497812083774403613e-01
1.590000000000000080e+00 -1.930830078125000071e+00 3.728723526000976562e+00 9.804101562500000533e-01 9.612751007080078125e-01 2.506170873752326944e-01
1.600000000000000089e+00 -1.928232421874999991e+00 3.718738555908203125e+00 9.795507812499999467e-01 9.595870971679687500e-01 2.633132553100380746e-01
1.610000000000000098e+00 -1.925634765624999911e+00 3.708753585815429688e+00 9.787695312499999911e-01 9.580707550048828125e-01 2.703442295219618541e-01
1.620000000000000107e+00 -1.923349609374999991e+00 3.699979782104492188e+00 9.780859374999999467e-01 9.567165374755859375e-01 2.754944805836718746e-01
1.629999999999999893e+00 -1.920048828125000107e+00 3.687324523925781250e+00 9.771093749999999467e-01 9.548187255859375000e-01 2.840566293776378148e-01
1.639999999999999902e+00 -1.917490234374999991e+00 3.677539825439453125e+00 9.762812499999999893e-01 9.532079696655273438e-01 2.935496550951434691e-01
1.649999999999999911e+00 -1.914257812500000044e+00 3.665189743041992188e+00 9.752099609375000089e-01 9.511251449584960938e-01 3.034463957759279129e-01
1.659999999999999920e+00 -1.911220703124999920e+00 3.653602600097656250e+00 9.742929687500000435e-01 9.493389129638671875e-01 3.114155251466896313e-01
1.669999999999999929e+00 -1.908779296874999920e+00 3.644275665283203125e+00 9.735478515625000107e-01 9.478912353515625000e-01 3.074170357825468658e-01
1.679999999999999938e+00 -1.905126953124999911e+00 3.630399703979492188e+00 9.723486328124999467e-01 9.455633163452148438e-01 3.232640203706276250e-01
1.689999999999999947e+00 -1.901181640624999947e+00 3.615398406982421875e+00 9.710751953124999725e-01 9.430923461914062500e-01 3.251073018605573628e-01
1.699999999999999956e+00 -1.898183593750000009e+00 3.604068756103515625e+00 9.701318359374999645e-01 9.412670135498046875e-01 3.429161710640712957e-01
1.709999999999999964e+00 -1.895615234374999902e+00 3.594360351562500000e+00 9.692314453125000506e-01 9.395294189453125000e-01 3.513260156438735571e-01
1.719999999999999973e+00 -1.890996093750000107e+00 3.576908111572265625e+00 9.676748046875000009e-01 9.365243911743164062e-01 3.606308255727990186e-01
1.729999999999999982e+00 -1.888242187499999947e+00 3.566560745239257812e+00 9.668056640625000142e-01 9.348497390747070312e-01 3.771055038591473729e-01
1.739999999999999991e+00 -1.883740234375000044e+00 3.549575805664062500e+00 9.652890625000000169e-01 9.319238662719726562e-01 3.715483889363567216e-01
1.750000000000000000e+00 -1.880273437500000089e+00 3.536539077758789062e+00 9.642089843750000222e-01 9.298419952392578125e-01 3.714413265305647194e-01
1.760000000000000009e+00 -1.875673828125000053e+00 3.519382476806640625e+00 9.625410156250000515e-01 9.266481399536132812e-01 4.066668739003014843e-01
1.770000000000000018e+00 -1.871064453125000027e+00 3.502149581909179688e+00 9.608212890624999725e-01 9.233560562133789062e-01 4.142524884592046486e-01
1.780000000000000027e+00 -1.867265624999999929e+00 3.487977981567382812e+00 9.596054687499999680e-01 9.210224151611328125e-01 4.192011346421634088e-01
1.790000000000000036e+00 -1.863759765625000009e+00 3.474903106689453125e+00 9.584716796875000222e-01 9.188566207885742188e-01 4.163122725082997189e-01
1.800000000000000044e+00 -1.858476562499999929e+00 3.455343246459960938e+00 9.564726562499999973e-01 9.150495529174804688e-01 4.450332754630172971e-01
1.810000000000000053e+00 -1.855419921875000044e+00 3.444013595581054688e+00 9.555312500000000542e-01 9.132480621337890625e-01 4.471296079465842399e-01
1.820000000000000062e+00 -1.849931640624999929e+00 3.423748016357421875e+00 9.533417968749999805e-01 9.090938568115234375e-01 4.640031291039231620e-01
1.830000000000000071e+00 -1.846083984375000098e+00 3.409585952758789062e+00 9.521650390625000515e-01 9.068527221679687500e-01 4.769662881374495123e-01
1.840000000000000080e+00 -1.840937499999999893e+00 3.390636444091796875e+00 9.503320312499999867e-01 9.033746719360351562e-01 4.795660296551076396e-01
1.850000000000000089e+00 -1.836005859374999938e+00 3.372545242309570312e+00 9.485273437500000293e-01 8.999624252319335938e-01 4.870101066015970481e-01
1.860000000000000098e+00 -1.830205078125000107e+00 3.351421356201171875e+00 9.459892578124999840e-01 8.952093124389648438e-01 5.241142570220178598e-01
1.870000000000000107e+00 -1.826044921874999893e+00 3.336200714111328125e+00 9.445507812500000266e-01 8.924894332885742188e-01 5.155747043364773408e-01
1.879999999999999893e+00 -1.820351562499999964e+00 3.315572738647460938e+00 9.423339843750000444e-01 8.883323669433593750e-01 5.484262710786191874e-01
1.889999999999999902e+00 -1.814736328124999964e+00 3.295173645019531250e+00 9.403037109374999813e-01 8.845129013061523438e-01 5.463008618442890540e-01
1.899999999999999911e+00 -1.809843749999999973e+00 3.277492523193359375e+00 9.386367187499999876e-01 8.813829421997070312e-01 5.554345567867846611e-01
1.909999999999999920e+00 -1.803593750000000107e+00 3.255004882812500000e+00 9.359931640624999938e-01 8.764743804931640625e-01 5.766769003041547492e-01
1.919999999999999929e+00 -1.797470703124999902e+00 3.233022689819335938e+00 9.333466796874999583e-01 8.715839385986328125e-01 5.893781185151159008e-01
1.929999999999999938e+00 -1.791308593749999956e+00 3.210954666137695312e+00 9.306621093750000462e-01 8.665943145751953125e-01 5.960494535088824986e-01
1.939999999999999947e+00 -1.785253906249999911e+00 3.189439773559570312e+00 9.283837890624999645e-01 8.623847961425781250e-01 6.280322322709978033e-01
1.949999999999999956e+00 -1.779492187500000044e+00 3.169078826904296875e+00 9.257910156249999911e-01 8.576650619506835938e-01 6.695738823141856866e-01
1.959999999999999964e+00 -1.773847656250000071e+00 3.148946762084960938e+00 9.237548828124999556e-01 8.538665771484375000e-01 6.427333947768717470e-01
1.969999999999999973e+00 -1.766093750000000018e+00 3.121643066406250000e+00 9.202783203125000089e-01 8.475379943847656250e-01 6.743989796181460994e-01
1.979999999999999982e+00 -1.758193359375000098e+00 3.093919754028320312e+00 9.165234374999999822e-01 8.407545089721679688e-01 6.989301703507887487e-01
1.989999999999999991e+00 -1.752236328124999964e+00 3.073101043701171875e+00 9.143476562500000293e-01 8.367328643798828125e-01 7.159787779586611611e-01
2.000000000000000000e+00 -1.746718750000000098e+00 3.053865432739257812e+00 9.119414062499999751e-01 8.323745727539062500e-01 7.267945312498795829e-01
2.009999999999999787e+00 -1.735859374999999982e+00 3.016204833984375000e+00 9.061923828125000302e-01 8.221139907836914062e-01 7.596331155169719906e-01
2.020000000000000018e+00 -1.730429687500000036e+00 2.997446060180664062e+00 9.033144531250000275e-01 8.171558380126953125e-01 7.677131071707938847e-01
2.029999999999999805e+00 -1.722138671875000027e+00 2.969007492065429688e+00 9.000908203124999840e-01 8.111801147460937500e-01 8.065685126048871556e-01
2.040000000000000036e+00 -1.713789062500000071e+00 2.940425872802734375e+00 8.960458984375000435e-01 8.040494918823242188e-01 8.250173460928431624e-01
2.049999999999999822e+00 -1.705302734375000018e+00 2.911520004272460938e+00 8.923496093749999636e-01 7.973880767822265625e-01 8.437098220924676983e-01
2.060000000000000053e+00 -1.696777343750000000e+00 2.882595062255859375e+00 8.872216796874999867e-01 7.884521484375000000e-01 8.546302630726270166e-01
2.069999999999999840e+00 -1.688339843749999902e+00 2.854146957397460938e+00 8.833994140624999991e-01 7.817459106445312500e-01 8.735938083444975133e-01
2.080000000000000071e+00 -1.680761718749999911e+00 2.828712463378906250e+00 8.805859375000000266e-01 7.767353057861328125e-01 8.881676126515094527e-01
2.089999999999999858e+00 -1.668466796874999991e+00 2.787685394287109375e+00 8.726865234374999725e-01 7.632293701171875000e-01 9.151888970247910038e-01
2.100000000000000089e+00 -1.662089843750000018e+00 2.766647338867187500e+00 8.681083984374999840e-01 7.556467056274414062e-01 9.531071960033620227e-01
2.109999999999999876e+00 -1.650117187500000027e+00 2.727355957031250000e+00 8.606123046875000515e-01 7.429580688476562500e-01 1.027938711506909186e+00
2.120000000000000107e+00 -1.640937499999999938e+00 2.697076797485351562e+00 8.563652343750000062e-01 7.355480194091796875e-01 1.002701278257402517e+00
2.129999999999999893e+00 -1.630976562499999893e+00 2.664899826049804688e+00 8.494570312500000497e-01 7.250127792358398438e-01 1.086831385417448947e+00
2.140000000000000124e+00 -1.624521484374999991e+00 2.643651962280273438e+00 8.491503906249999734e-01 7.232522964477539062e-01 1.024516311980063321e+00
2.149999999999999911e+00 -1.613359374999999929e+00 2.607765197753906250e+00 8.401445312499999929e-01 7.088823318481445312e-01 1.071456192536575980e+00
2.160000000000000142e+00 -1.601152343749999929e+00 2.569065093994140625e+00 8.296943359374999716e-01 6.927776336669921875e-01 1.179976098331473100e+00
2.169999999999999929e+00 -1.582373046874999911e+00 2.509946823120117188e+00 8.107822265624999858e-01 6.640825271606445312e-01 1.313975741913005146e+00
2.180000000000000160e+00 -1.576181640624999991e+00 2.489824295043945312e+00 8.151923828124999494e-01 6.681814193725585938e-01 1.179856144231053783e+00
2.189999999999999947e+00 -1.559609374999999964e+00 2.438859939575195312e+00 7.956542968750000000e-01 6.409807205200195312e-01 1.383211750172044896e+00
2.200000000000000178e+00 -1.544550781249999893e+00 2.392539978027343750e+00 7.411708984374999476e-01 6.235704421997070312e-01 1.460440260201484763e+00
2.209999999999999964e+00 -1.534990234374999929e+00 2.362861633300781250e+00 7.784130859375000266e-01 6.136121749877929688e-01 1.397721668750419921e+00
2.220000000000000195e+00 -1.516718749999999893e+00 2.307643890380859375e+00 7.591464843749999858e-01 5.871105194091796875e-01 1.497670389984679717e+00
2.229999999999999982e+00 -1.509228515625000044e+00 2.285270690917968750e+00 7.549550781249999565e-01 5.826158523559570312e-01 1.544366069565771049e+00
2.240000000000000213e+00 -1.483300781250000089e+00 2.209062576293945312e+00 -3.133037109374999657e-02 5.290985107421875000e-01 1.812524211649908290e+00
2.250000000000000000e+00 -1.476416015624999911e+00 2.187519073486328125e+00 -5.353515625000000444e-01 5.343351364135742188e-01 1.560489486882741250e+00
2.259999999999999787e+00 -1.452246093749999911e+00 2.117891311645507812e+00 5.115224609374999787e-01 4.897089004516601562e-01 1.778827063469204939e+00
2.270000000000000018e+00 -1.432197265624999938e+00 2.060394287109375000e+00 2.413525390625000100e-01 4.604892730712890625e-01 1.829301199779559850e+00
2.279999999999999805e+00 -1.416308593749999956e+00 2.015275955200195312e+00 -8.930498046875000318e-02 4.338779449462890625e-01 1.840994269270380679e+00
2.290000000000000036e+00 -1.400751953124999893e+00 1.971464157104492188e+00 3.988583984374999836e-01 4.164056777954101562e-01 1.827333168912495642e+00
2.299999999999999822e+00 -1.380419921874999956e+00 1.915359497070312500e+00 -4.322519531249999769e-01 3.763265609741210938e-01 1.897078342834393583e+00
2.310000000000000053e+00 -1.346777343749999911e+00 1.823396682739257812e+00 3.505097656250000249e-01 3.095273971557617188e-01 1.839839650564114804e+00
2.319999999999999840e+00 -1.344003906249999991e+00 1.815853118896484375e+00 -1.199179687500000063e-01 3.225631713867187500e-01 1.808631416166585515e+00
2.330000000000000071e+00 -1.329580078125000009e+00 1.777133941650390625e+00 2.426152343749999885e-01 3.086328506469726562e-01 1.763741399472023685e+00
2.339999999999999858e+00 -1.303417968750000044e+00 1.707630157470703125e+00 2.343916015624999960e-01 2.541055679321289062e-01 1.632938556391065665e+00
2.350000000000000089e+00 -1.287460937499999902e+00 1.666202545166015625e+00 1.250810546874999984e-01 2.283229827880859375e-01 1.603332673155303256e+00
2.359999999999999876e+00 -1.269111328124999938e+00 1.618747711181640625e+00 1.117343749999999969e-01 2.082014083862304688e-01 1.489989866165251531e+00
2.370000000000000107e+00 -1.260927734375000053e+00 1.598758697509765625e+00 1.806269531249999893e-01 1.985635757446289062e-01 1.607937635055553205e+00
2.379999999999999893e+00 -1.247060546875000009e+00 1.562757492065429688e+00 8.086455078125000251e-02 1.887788772583007812e-01 1.373459522825670076e+00
2.390000000000000124e+00 -1.226289062500000027e+00 1.511621475219726562e+00 -7.428447265624999775e-03 1.513814926147460938e-01 1.404857944101096434e+00
2.399999999999999911e+00 -1.216406249999999911e+00 1.486997604370117188e+00 -1.517558593749999962e-02 1.502780914306640625e-01 1.307278103298633365e+00
2.410000000000000142e+00 -1.197314453124999956e+00 1.440267562866210938e+00 -5.959423828125000322e-02 1.168260574340820312e-01 1.182245333429854828e+00
2.419999999999999929e+00 -1.190507812499999929e+00 1.424436569213867188e+00 4.110800781249999980e-02 1.227893829345703125e-01 1.246291717181224223e+00
2.430000000000000160e+00 -1.173847656249999982e+00 1.383953094482421875e+00 9.118466796875000432e-03 9.780216217041015625e-02 1.046522207721576336e+00
2.439999999999999947e+00 -1.163144531249999947e+00 1.358718872070312500e+00 -4.581767578124999740e-02 8.539333343505858820e-02 9.999327481482016555e-01
2.450000000000000178e+00 -1.160039062500000107e+00 1.352291107177734375e+00 -4.337939453125000053e-03 9.591484069824218750e-02 1.126012859225267393e+00
2.459999999999999964e+00 -1.143359374999999956e+00 1.313199996948242188e+00 -1.848105468750000160e-02 7.678480148315429410e-02 1.003311624198575558e+00
2.470000000000000195e+00 -1.141337890625000018e+00 1.308879852294921875e+00 5.531054687499999817e-02 8.669080734252929132e-02 1.045277883565331356e+00
2.479999999999999982e+00 -1.129892578124999991e+00 1.282548904418945312e+00 1.864609374999999861e-02 7.903289794921875000e-02 9.809225917978974252e-01
2.490000000000000213e+00 -1.113896484375000107e+00 1.246433258056640625e+00 -1.531191406249999935e-02 6.314334869384766180e-02 9.360993011957167154e-01
2.500000000000000000e+00 -1.108525390625000107e+00 1.234083175659179688e+00 -1.885742187499999875e-02 5.710029602050781250e-02 8.609192343749600962e-01
2.509999999999999787e+00 -1.102294921875000000e+00 1.220483779907226562e+00 3.102949218750000043e-02 6.460933685302734653e-02 8.825252866769973670e-01
2.520000000000000018e+00 -1.089707031249999902e+00 1.192779541015625000e+00 9.553076171874999231e-03 5.113067626953125139e-02 8.575463135196537134e-01
2.529999999999999805e+00 -1.082167968750000098e+00 1.176071166992187500e+00 -1.841093749999999848e-02 4.690294265747070590e-02 7.972725881321037766e-01
2.540000000000000036e+00 -1.070996093750000044e+00 1.151857376098632812e+00 -9.871777343750000669e-03 4.321317672729492465e-02 7.657847835226723188e-01
2.549999999999999822e+00 -1.064492187499999964e+00 1.137981414794921875e+00 -1.220078125000000069e-02 3.806285858154297153e-02 7.618461649365585453e-01
2.560000000000000053e+00 -1.056845703125000036e+00 1.121931076049804688e+00 -7.910214843749999170e-03 4.346313476562500139e-02 7.825368493795392677e-01
2.569999999999999840e+00 -1.047763671875000080e+00 1.102685928344726562e+00 -1.077783203125000019e-02 3.869113922119140486e-02 7.561461087364945710e-01
2.580000000000000071e+00 -1.044257812499999938e+00 1.095380783081054688e+00 -2.407841796875000162e-02 3.983373641967773160e-02 7.547860423802815744e-01
2.589999999999999858e+00 -1.033261718749999947e+00 1.072235107421875000e+00 -7.224892578125000249e-03 3.641910552978515347e-02 7.030091768720051482e-01
2.600000000000000089e+00 -1.029335937499999964e+00 1.064252853393554688e+00 -3.627968750000000117e-03 3.519401550292968611e-02 7.150399870562261784e-01
2.609999999999999876e+00 -1.020624999999999893e+00 1.046371459960937500e+00 -7.017216796874999746e-03 3.247528076171875278e-02 7.059166776765163354e-01
2.620000000000000107e+00 -1.013779296874999902e+00 1.032276153564453125e+00 1.454218749999999956e-02 3.228101730346679549e-02 6.754203384263651744e-01
2.629999999999999893e+00 -1.008984375000000044e+00 1.022615432739257812e+00 2.011787109374999979e-02 3.212594985961914062e-02 6.759598772571541181e-01
2.640000000000000124e+00 -9.995996093750000311e-01 1.003694534301757812e+00 6.921816406250000343e-04 2.945756912231445312e-02 6.604452141935944764e-01
2.649999999999999911e+00 -9.951562499999999645e-01 9.947586059570312500e-01 8.339277343749999793e-03 2.820863723754882951e-02 6.448967604129614006e-01
2.660000000000000142e+00 -9.885937500000000488e-01 9.817123413085937500e-01 -3.968173828125000076e-04 2.680988311767578194e-02 6.360185001978434505e-01
2.669999999999999929e+00 -9.822558593750000400e-01 9.691143035888671875e-01 5.452382812499999981e-03 2.516918182373046806e-02 6.158924714673568168e-01
2.680000000000000160e+00 -9.760947265624999591e-01 9.569549560546875000e-01 4.151386718749999804e-05 2.404747009277343611e-02 5.979474564941410497e-01
2.689999999999999947e+00 -9.694257812500000071e-01 9.439668655395507812e-01 -4.397666015625000153e-03 2.431678771972656250e-02 5.915966711177266246e-01
2.700000000000000178e+00 -9.631874999999999742e-01 9.320726394653320312e-01 4.595068359375000140e-03 2.384757995605468750e-02 6.099724022633767895e-01
2.709999999999999964e+00 -9.575087890625000320e-01 9.211053848266601562e-01 3.975908203124999679e-03 2.181701660156249931e-02 5.970886811724145371e-01
2.720000000000000195e+00 -9.519248046874999591e-01 9.103393554687500000e-01 2.643720703125000075e-03 2.131805419921874861e-02 5.783421023411785544e-01
2.729999999999999982e+00 -9.471474609375000187e-01 9.012002944946289062e-01 -4.626552734374999860e-04 2.331008911132812639e-02 5.649705880795873325e-01
2.740000000000000213e+00 -9.396953125000000462e-01 8.870649337768554688e-01 7.535263671874999590e-03 2.037506103515624931e-02 5.507162242261043339e-01
2.750000000000000000e+00 -9.363789062499999760e-01 8.808698654174804688e-01 5.249882812500000426e-03 2.091274261474609236e-02 5.503411797520784132e-01
2.759999999999999787e+00 -9.289707031249999636e-01 8.670415878295898438e-01 1.521396484374999908e-03 1.974191665649414201e-02 5.450983326236392701e-01
2.770000000000000018e+00 -9.240761718750000187e-01 8.580894470214843750e-01 -4.492031250000000364e-03 1.964015960693359444e-02 5.568715620682768153e-01
2.779999999999999805e+00 -9.176494140625000018e-01 8.461151123046875000e-01 4.714042968750000243e-03 1.821784973144531181e-02 5.345863490047676470e-01
2.790000000000000036e+00 -9.133779296874999787e-01 8.382453918457031250e-01 -7.619794921874999995e-03 1.777801513671874861e-02 5.243787966766851882e-01
2.799999999999999822e+00 -9.076289062500000338e-01 8.277606964111328125e-01 -8.821328124999999959e-04 1.737966537475586076e-02 5.185913404814909144e-01
2.810000000000000053e+00 -9.017099609374999991e-01 8.170471191406250000e-01 -4.441230468749999757e-03 1.544809341430664062e-02 5.143622621798613626e-01
2.819999999999999840e+00 -8.987246093749999831e-01 8.115892410278320312e-01 -4.578554687499999942e-03 1.713428497314452986e-02 5.000398813369336670e-01
2.830000000000000071e+00 -8.928037109374999947e-01 8.009176254272460938e-01 2.020146484375000186e-03 1.595993041992187569e-02 4.883091290187772104e-01
2.839999999999999858e+00 -8.885312499999999947e-01 7.933139801025390625e-01 3.044218750000000050e-03 1.585988998413085868e-02 4.857700140101218200e-01
2.850000000000000089e+00 -8.845478515625000426e-01 7.862195968627929688e-01 1.135791015624999919e-03 1.528186798095703194e-02 4.783955485101091254e-01
2.859999999999999876e+00 -8.777412109375000160e-01 7.741765975952148438e-01 -2.705185546874999854e-03 1.418151855468749965e-02 4.690805612008364656e-01
2.870000000000000107e+00 -8.748652343749999671e-01 7.691154479980468750e-01 7.927128906250000689e-03 1.495351791381835903e-02 4.632446857851577060e-01
2.879999999999999893e+00 -8.692412109374999529e-01 7.593402862548828125e-01 -7.245507812500000429e-04 1.392660140991210972e-02 4.641979583693189859e-01
2.890000000000000124e+00 -8.638183593749999556e-01 7.498950958251953125e-01 5.307832031250000158e-03 1.358337402343750069e-02 4.552206438912189679e-01
2.899999999999999911e+00 -8.602871093749999698e-01 7.437696456909179688e-01 -4.792050781250000412e-03 1.427946090698242222e-02 4.475568106235165988e-01
2.910000000000000142e+00 -8.555439453124999982e-01 7.355451583862304688e-01 -2.964414062499999818e-03 1.327028274536132778e-02 4.340842939928648003e-01
2.919999999999999929e+00 -8.508789062499999556e-01 7.276563644409179688e-01 5.106328125000000190e-04 1.318073272705078125e-02 4.397314425636910107e-01
2.930000000000000160e+00 -8.468662109375000302e-01 7.208032608032226562e-01 -2.669443359374999887e-03 1.260290145874023472e-02 4.318958559096090499e-01
2.939999999999999947e+00 -8.421845703125000471e-01 7.128839492797851562e-01 1.126064453124999950e-03 1.300382614135742188e-02 4.275668909610439439e-01
2.950000000000000178e+00 -8.393886718749999920e-01 7.082738876342773438e-01 -2.820566406249999832e-03 1.381788253784179722e-02 4.354332945813039202e-01
2.959999999999999964e+00 -8.340283203124999600e-01 6.991214752197265625e-01 2.333320312500000108e-03 1.192197799682617222e-02 4.111890298245770015e-01
2.970000000000000195e+00 -8.298642578124999503e-01 6.922616958618164062e-01 -1.732910156249999967e-03 1.236219406127929757e-02 4.164084950896142501e-01
2.979999999999999982e+00 -8.254082031249999618e-01 6.848840713500976562e-01 1.570136718750000026e-03 1.186904907226562535e-02 4.134293988552060206e-01
2.990000000000000213e+00 -8.220810546875000346e-01 6.793689727783203125e-01 -7.682128906250000264e-03 1.167173385620117257e-02 4.068135029206432218e-01
3.000000000000000000e+00 -8.174277343750000480e-01 6.716880798339843750e-01 4.078281250000000309e-03 1.093330383300781215e-02 3.982198224826258293e-01
3.009999999999999787e+00 -8.131503906250000524e-01 6.647148132324218750e-01 2.065468750000000030e-03 1.141061782836914028e-02 3.957225184979960009e-01
3.020000000000000018e+00 -8.100556640624999583e-01 6.597471237182617188e-01 -9.795800781250000363e-04 1.125154495239257847e-02 3.993587468366030513e-01
3.029999999999999805e+00 -8.057695312499999485e-01 6.527462005615234375e-01 -8.260810546874999653e-04 1.079874038696288993e-02 3.883304452041798638e-01
3.040000000000000036e+00 -8.029042968749999787e-01 6.481924057006835938e-01 -1.133671874999999968e-04 1.136598587036132847e-02 3.919219679053123073e-01
3.049999999999999822e+00 -7.980380859375000302e-01 6.403341293334960938e-01 8.919843749999999821e-04 1.011857986450195347e-02 3.818980867668240742e-01
3.060000000000000053e+00 -7.943359374999999778e-01 6.343393325805664062e-01 3.763095703124999785e-03 1.007261276245117153e-02 3.685147806399311499e-01
3.069999999999999840e+00 -7.903164062499999920e-01 6.280107498168945312e-01 9.461298828124999494e-04 9.573268890380858681e-03 3.705700110213438481e-01
3.080000000000000071e+00 -7.868154296874999565e-01 6.224136352539062500e-01 -2.992548828124999821e-03 9.662437438964843056e-03 3.600056519028282942e-01
3.089999999999999858e+00 -7.841972656250000284e-01 6.182956695556640625e-01 -7.909707031249999529e-04 9.895992279052735069e-03 3.571648576516454066e-01
3.100000000000000089e+00 -7.799111328125000187e-01 6.116142272949218750e-01 2.716249999999999915e-03 9.539985656738280903e-03 3.572654175947815869e-01
3.109999999999999876e+00 -7.751367187500000089e-01 6.041564941406250000e-01 -1.639091796875000086e-03 9.506359100341796320e-03 3.514470341885360116e-01
3.120000000000000107e+00 -7.723457031249999494e-01 5.998363494873046875e-01 -3.418525390625000177e-03 9.158086776733399131e-03 3.490823775573092536e-01
3.129999999999999893e+00 -7.688066406250000373e-01 5.943765640258789062e-01 -4.280527343749999936e-04 8.618497848510741841e-03 3.462751765705182061e-01
3.140000000000000124e+00 -7.656835937499999467e-01 5.896501541137695312e-01 9.681025390625000503e-05 9.295568466186523993e-03 3.509147731018602556e-01
3.149999999999999911e+00 -7.607626953124999591e-01 5.820627212524414062e-01 -2.033671874999999889e-03 8.655233383178711007e-03 3.408526981568114622e-01
3.160000000000000142e+00 -7.590517578125000053e-01 5.794372558593750000e-01 1.584609374999999918e-04 8.634490966796875069e-03 3.361189369528103099e-01
3.169999999999999929e+00 -7.538515624999999609e-01 5.715703964233398438e-01 7.720742187499999958e-03 8.596811294555663924e-03 3.340560036421919010e-01
3.180000000000000160e+00 -7.522128906249999636e-01 5.691022872924804688e-01 2.469902343750000201e-03 8.720712661743163993e-03 3.319417524369930872e-01
3.189999999999999947e+00 -7.485888671874999512e-01 5.636491775512695312e-01 4.069560546874999990e-03 8.245420455932617881e-03 3.284380780049339088e-01
3.200000000000000178e+00 -7.448017578125000204e-01 5.580396652221679688e-01 1.561914062499999934e-03 8.624286651611327500e-03 3.310006781578000434e-01
3.209999999999999964e+00 -7.411757812500000542e-01 5.526485443115234375e-01 3.106455078125000113e-03 8.171005249023437569e-03 3.286433297789186914e-01
3.220000000000000195e+00 -7.382988281250000284e-01 5.483226776123046875e-01 -1.370175781249999974e-03 7.845373153686522813e-03 3.197425286055431415e-01
3.229999999999999982e+00 -7.357744140624999929e-01 5.445804595947265625e-01 2.285986328125000095e-03 7.838401794433593611e-03 3.156999985285402488e-01
3.240000000000000213e+00 -7.309873046874999503e-01 5.375509262084960938e-01 -1.778750000000000003e-04 7.737770080566406562e-03 3.129753727005277764e-01
3.250000000000000000e+00 -7.288466796875000542e-01 5.344552993774414062e-01 -3.075341796875000113e-03 7.980051040649414548e-03 3.138958098187842327e-01
3.259999999999999787e+00 -7.259843750000000151e-01 5.302810668945312500e-01 -6.578007812499999654e-04 7.645854949951172083e-03 3.110034485678736527e-01
3.270000000000000018e+00 -7.237978515624999831e-01 5.270700454711914062e-01 -4.051445312499999708e-03 7.989187240600586354e-03 3.051741546047788134e-01
3.279999999999999805e+00 -7.200761718749999485e-01 5.216684341430664062e-01 3.856455078124999911e-03 7.718076705932616979e-03 3.006535006221958128e-01
3.290000000000000036e+00 -7.178896484375000275e-01 5.185146331787109375e-01 -1.348857421874999959e-03 7.397689819335937465e-03 2.979151989794402988e-01
3.299999999999999822e+00 -7.137998046875000391e-01 5.126962661743164062e-01 -3.846787109374999892e-03 7.630672454833984514e-03 2.995933445785965987e-01
3.310000000000000053e+00 -7.097763671875000346e-01 5.069036483764648438e-01 -5.849853515624999639e-03 7.279748916625976458e-03 2.917155489257920453e-01
3.319999999999999840e+00 -7.086171875000000231e-01 5.053100585937500000e-01 3.246962890624999795e-04 7.091541290283203541e-03 2.946601409402598293e-01
3.330000000000000071e+00 -7.054199218750000222e-01 5.007400512695312500e-01 4.738632812500000006e-03 7.115335464477539305e-03 2.883723303117287640e-01
3.339999999999999858e+00 -7.024853515625000266e-01 4.965572357177734375e-01 -1.345693359375000047e-03 6.823902130126953229e-03 2.819466595497663319e-01
3.350000000000000089e+00 -6.989423828124999849e-01 4.916172027587890625e-01 2.957509765625000123e-03 7.007808685302734618e-03 2.825636200121128261e-01
3.359999999999999876e+00 -6.972773437499999449e-01 4.892549514770507812e-01 -6.631074218750000141e-04 6.920270919799804965e-03 2.774836616775676612e-01
3.370000000000000107e+00 -6.950263671874999938e-01 4.861993789672851562e-01 5.133808593749999809e-03 6.579265594482421563e-03 2.829146466540984894e-01
3.379999999999999893e+00 -6.912382812499999751e-01 4.808435440063476562e-01 2.788242187500000139e-03 6.571245193481445139e-03 2.718723890860808012e-01
3.390000000000000124e+00 -6.888310546875000551e-01 4.775781631469726562e-01 3.245673828125000132e-03 6.503429412841797014e-03 2.753282546236837658e-01
3.399999999999999911e+00 -6.859296875000000515e-01 4.735546112060546875e-01 -4.266513671874999744e-04 6.434812545776367500e-03 2.706225616349431928e-01
3.410000000000000142e+00 -6.832470703124999822e-01 4.699039459228515625e-01 2.705312499999999818e-03 6.653442382812500312e-03 2.710024953527221947e-01
3.419999999999999929e+00 -6.799121093750000178e-01 4.653034210205078125e-01 2.371250000000000094e-03 6.325540542602539444e-03 2.646536724841582755e-01
3.430000000000000160e+00 -6.781777343749999520e-01 4.629344940185546875e-01 -1.556650390624999929e-03 6.264209747314453125e-03 2.619386078371928051e-01
3.439999999999999947e+00 -6.743300781250000098e-01 4.577465057373046875e-01 -6.923544921875000174e-04 6.325702667236327709e-03 2.618021826488760584e-01
3.450000000000000178e+00 -6.737519531250000249e-01 4.569215774536132812e-01 2.273750000000000163e-03 6.415414810180664236e-03 2.563663355256217691e-01
3.459999999999999964e+00 -6.699179687499999813e-01 4.517412185668945312e-01 1.608310546875000094e-03 5.949525833129882570e-03 2.524274885458089313e-01
3.470000000000000195e+00 -6.668720703124999538e-01 4.477005004882812500e-01 1.808544921874999985e-03 6.033229827880859548e-03 2.536117517138276045e-01
3.479999999999999982e+00 -6.646308593749999938e-01 4.447269439697265625e-01 1.981337890625000080e-03 5.952968597412109687e-03 2.530544895167590735e-01
3.490000000000000213e+00 -6.623007812500000258e-01 4.416542053222656250e-01 1.617421874999999936e-03 6.163339614868163646e-03 2.532134883436887307e-01
3.500000000000000000e+00 -6.606318359374999671e-01 4.394207000732421875e-01 -1.137402343750000067e-03 5.695638656616211319e-03 2.496284144610993461e-01
3.509999999999999787e+00 -6.584257812499999529e-01 4.365005493164062500e-01 1.242001953125000105e-03 6.122980117797851424e-03 2.473571528944614739e-01
3.520000000000000018e+00 -6.551953124999999600e-01 4.322471618652343750e-01 -1.359882812499999981e-03 5.941925048828125382e-03 2.451458134927065047e-01
3.529999999999999805e+00 -6.524277343750000124e-01 4.285888671875000000e-01 -2.233417968750000052e-03 5.971031188964843681e-03 2.405255360643062112e-01
3.540000000000000036e+00 -6.503564453125000311e-01 4.258785247802734375e-01 -1.195839843749999963e-03 5.800695419311523680e-03 2.381961818491588057e-01
3.549999999999999822e+00 -6.489912109375000071e-01 4.241523742675781250e-01 1.443906250000000094e-03 5.535936355590820659e-03 2.407370895376647058e-01
3.560000000000000053e+00 -6.451074218750000311e-01 4.190778732299804688e-01 -4.395917968749999869e-04 5.612926483154296806e-03 2.354682466776371053e-01
3.569999999999999840e+00 -6.426582031249999938e-01 4.159002304077148438e-01 -1.318544921875000001e-03 5.393800735473633194e-03 2.322529253735817201e-01
3.580000000000000071e+00 -6.404882812500000133e-01 4.130783081054687500e-01 -3.211933593749999837e-03 5.212564468383789479e-03 2.279535095171025816e-01
3.589999999999999858e+00 -6.379824218749999831e-01 4.098644256591796875e-01 -8.332841796875000134e-04 5.347099304199218889e-03 2.258737563018411998e-01
3.600000000000000089e+00 -6.357656250000000009e-01 4.070959091186523438e-01 -9.277119140625000426e-05 5.368738174438476320e-03 2.289761332947543027e-01
3.609999999999999876e+00 -6.346552734374999449e-01 4.056453704833984375e-01 -1.228339843749999940e-03 5.285778045654296840e-03 2.245722244706144788e-01
3.620000000000000107e+00 -6.319609375000000417e-01 4.022254943847656250e-01 7.034121093749999901e-04 5.352077484130859757e-03 2.227716406321497422e-01
3.629999999999999893e+00 -6.304892578124999813e-01 4.004049301147460938e-01 9.426679687500000380e-04 5.387258529663085764e-03 2.244490979923934038e-01
3.640000000000000124e+00 -6.266542968749999609e-01 3.955669403076171875e-01 -2.284921875000000061e-03 5.224323272705078472e-03 2.219119442167146738e-01
3.649999999999999911e+00 -6.256064453124999813e-01 3.942518234252929688e-01 -2.159003906250000007e-04 5.330829620361327882e-03 2.204721775163061837e-01
3.660000000000000142e+00 -6.234042968749999858e-01 3.914804458618164062e-01 -2.981337890625000101e-03 5.293750762939452778e-03 2.176736528109058100e-01
3.669999999999999929e+00 -6.207509765625000009e-01 3.881378173828125000e-01 -4.835556640624999632e-03 5.201959609985351216e-03 2.133349790274935986e-01
3.680000000000000160e+00 -6.195791015624999565e-01 3.866882324218750000e-01 -1.712207031250000079e-03 5.002107620239257951e-03 2.124740513331108138e-01
3.689999999999999947e+00 -6.158837890624999645e-01 3.821525573730468750e-01 2.401865234375000029e-04 4.994201660156250173e-03 2.135610726198005072e-01
3.700000000000000178e+00 -6.150781250000000311e-01 3.811569213867187500e-01 1.757919921875000097e-03 5.080022811889648403e-03 2.121169649379096578e-01
3.709999999999999964e+00 -6.127246093749999512e-01 3.782348632812500000e-01 1.177353515625000069e-03 4.971466064453125035e-03 2.085641879849597369e-01
3.720000000000000195e+00 -6.103603515625000142e-01 3.753480911254882812e-01 4.987890624999999920e-04 4.873962402343750243e-03 2.078081528770235886e-01
3.729999999999999982e+00 -6.078847656250000453e-01 3.723173141479492188e-01 1.548417968749999990e-03 4.765882492065430000e-03 2.055982641896168805e-01
3.740000000000000213e+00 -6.061455078124999840e-01 3.701686859130859375e-01 9.238730468750000523e-04 5.056743621826171979e-03 2.017830574463076454e-01
3.750000000000000000e+00 -6.037763671875000515e-01 3.673019409179687500e-01 8.451777343749999546e-04 4.935417175292968611e-03 2.006886604861048973e-01
3.759999999999999787e+00 -6.011289062500000391e-01 3.641576766967773438e-01 -2.555175781249999938e-04 4.947681427001953541e-03 2.029309021244725120e-01
3.770000000000000018e+00 -5.996474609374999876e-01 3.623552322387695312e-01 1.679951171874999967e-03 4.793024063110351909e-03 2.001583452988796585e-01
3.779999999999999805e+00 -5.980517578124999734e-01 3.604745864868164062e-01 -6.334326171874999625e-04 4.951190948486327952e-03 2.012884451258335206e-01
3.790000000000000036e+00 -5.961621093750000266e-01 3.582038879394531250e-01 7.032695312500000101e-04 4.846229553222656562e-03 1.992257321964976957e-01
3.799999999999999822e+00 -5.930927734374999982e-01 3.545045852661132812e-01 -1.096933593749999927e-03 4.652938842773437535e-03 1.946980955002377833e-01
3.810000000000000053e+00 -5.918076171874999680e-01 3.529767990112304688e-01 3.155947265624999953e-03 4.716682434082031423e-03 1.933243976058274805e-01
3.819999999999999840e+00 -5.896171875000000284e-01 3.504285812377929688e-01 -2.404707031249999835e-03 4.523925781250000278e-03 1.950931392368624728e-01
3.830000000000000071e+00 -5.872636718749999485e-01 3.476076126098632812e-01 8.673154296875000037e-04 4.730539321899413993e-03 1.905042723785573822e-01
3.839999999999999858e+00 -5.868652343750000444e-01 3.471603393554687500e-01 -1.188173828125000048e-03 4.613218307495117569e-03 1.909400026003502671e-01
3.850000000000000089e+00 -5.842490234374999591e-01 3.440608978271484375e-01 -1.829580078124999881e-04 4.454269409179687812e-03 1.874927896119749637e-01
3.859999999999999876e+00 -5.827402343749999991e-01 3.423309326171875000e-01 1.131044921875000052e-03 4.641628265380859722e-03 1.886376749942118569e-01
3.870000000000000107e+00 -5.806210937500000391e-01 3.398818969726562500e-01 5.209101562499999973e-04 4.477329254150390347e-03 1.887778835656881982e-01
3.879999999999999893e+00 -5.787187499999999485e-01 3.376255035400390625e-01 5.540751953125000158e-04 4.584045410156250243e-03 1.843417622090607610e-01
3.890000000000000124e+00 -5.771445312499999813e-01 3.358879089355468750e-01 2.323623046875000113e-04 4.323406219482421944e-03 1.889433297014292135e-01
3.899999999999999911e+00 -5.752080078125000329e-01 3.335971832275390625e-01 -9.629423828124999583e-04 4.389352798461913785e-03 1.839921971949979584e-01
3.910000000000000142e+00 -5.726757812499999600e-01 3.306636810302734375e-01 -7.055595703125000506e-04 4.347038269042968577e-03 1.812571695877884803e-01
3.919999999999999929e+00 -5.724755859375000311e-01 3.304128646850585938e-01 8.419511718749999804e-04 4.373769760131835521e-03 1.788966724247970097e-01
3.930000000000000160e+00 -5.696552734374999982e-01 3.272161483764648438e-01 3.233779296874999837e-03 4.380350112915039167e-03 1.796084305514072388e-01
3.939999999999999947e+00 -5.694248046875000080e-01 3.269119262695312500e-01 -6.953623046875000033e-06 4.362821578979492188e-03 1.759471842846343503e-01
3.950000000000000178e+00 -5.662353515625000444e-01 3.233547210693359375e-01 -6.725361328125000382e-05 4.327154159545898784e-03 1.793188050167195680e-01
3.959999999999999964e+00 -5.640527343750000311e-01 3.208456039428710938e-01 2.347285156250000088e-03 4.151945114135742292e-03 1.756631714776364650e-01
3.970000000000000195e+00 -5.623710937500000506e-01 3.189554214477539062e-01 2.544238281250000167e-03 4.323291778564453298e-03 1.750429573739403499e-01
3.979999999999999982e+00 -5.604316406249999494e-01 3.167524337768554688e-01 6.517851562500000479e-05 4.197731018066406562e-03 1.725247722496789649e-01
3.990000000000000213e+00 -5.588076171875000497e-01 3.149499893188476562e-01 -9.225751953125000283e-04 4.095954895019531319e-03 1.726404459196773378e-01
4.000000000000000000e+00 -5.584550781249999485e-01 3.145551681518554688e-01 2.133291015625000042e-04 4.137639999389648542e-03 1.717180075683621965e-01
4.009999999999999787e+00 -5.553408203124999831e-01 3.110485076904296875e-01 1.198662109375000021e-03 4.219207763671874861e-03 1.684419206790339074e-01
4.019999999999999574e+00 -5.543037109374999716e-01 3.099040985107421875e-01 8.446240234374999701e-04 4.001493453979492083e-03 1.680113376462493424e-01
4.030000000000000249e+00 -5.525419921874999973e-01 3.079738616943359375e-01 -4.124179687500000241e-04 4.192962646484375312e-03 1.684215511046777691e-01
4.040000000000000036e+00 -5.498603515625000160e-01 3.049707412719726562e-01 -9.219599609375000093e-04 4.128389358520508090e-03 1.646480181338476068e-01
4.049999999999999822e+00 -5.488417968750000098e-01 3.038825988769531250e-01 -6.991562500000000164e-04 4.057636260986327917e-03 1.657678781340489460e-01
4.059999999999999609e+00 -5.475390624999999512e-01 3.024358749389648438e-01 9.548417968750000156e-04 3.978900909423828403e-03 1.638073221262383306e-01
4.070000000000000284e+00 -5.449296875000000373e-01 2.995843887329101562e-01 -2.280527343750000111e-04 3.903455734252929844e-03 1.629523269080987158e-01
4.080000000000000071e+00 -5.440908203125000009e-01 2.986907958984375000e-01 1.433945312500000107e-03 3.937463760375976146e-03 1.633817854737929787e-01
4.089999999999999858e+00 -5.427382812500000098e-01 2.971906661987304688e-01 1.377275390625000082e-03 3.934965133666991875e-03 1.607381619475599099e-01
4.099999999999999645e+00 -5.414326171875000204e-01 2.957925796508789062e-01 2.113251953125000059e-04 4.052810668945312778e-03 1.610196260015422931e-01
4.110000000000000320e+00 -5.388291015624999680e-01 2.929639816284179688e-01 3.776699218750000217e-04 4.006347656250000035e-03 1.592598481108592756e-01
4.120000000000000107e+00 -5.378662109374999778e-01 2.919654846191406250e-01 1.331269531250000096e-03 3.880767822265625191e-03 1.607947215158399834e-01
4.129999999999999893e+00 -5.360273437500000515e-01 2.899351119995117188e-01 2.174628906249999913e-04 3.830833435058593819e-03 1.566775863067102759e-01
4.139999999999999680e+00 -5.340664062500000142e-01 2.878713607788085938e-01 3.212714843749999967e-04 3.901062011718749948e-03 1.579909053813955133e-01
4.150000000000000355e+00 -5.332919921875000080e-01 2.870082855224609375e-01 3.276718750000000009e-04 3.965482711791991875e-03 1.550603611169078799e-01
4.160000000000000142e+00 -5.309609374999999520e-01 2.845411300659179688e-01 -1.352734375000000041e-04 3.893871307373046858e-03 1.551250245585263365e-01
4.169999999999999929e+00 -5.303896484375000275e-01 2.839698791503906250e-01 1.611845703125000051e-03 3.795890808105468941e-03 1.564481238188392132e-01
4.179999999999999716e+00 -5.282421874999999600e-01 2.816610336303710938e-01 1.152890625000000053e-03 3.787603378295898576e-03 1.536213900208352745e-01
4.190000000000000391e+00 -5.262890624999999600e-01 2.795944213867187500e-01 -4.512890624999999758e-04 3.609647750854491979e-03 1.524818118773551279e-01
4.200000000000000178e+00 -5.255019531250000320e-01 2.787618637084960938e-01 -1.599521484374999978e-03 3.809242248535156441e-03 1.514847184576926520e-01
4.209999999999999964e+00 -5.235712890624999449e-01 2.767372131347656250e-01 4.805205078125000177e-04 3.763656616210937517e-03 1.508096910928327372e-01
4.219999999999999751e+00 -5.224873046875000426e-01 2.756175994873046875e-01 -2.100742187500000016e-04 3.692493438720703246e-03 1.509179213158342858e-01
4.230000000000000426e+00 -5.202480468750000364e-01 2.732191085815429688e-01 -2.608974609375000128e-03 3.715610504150390538e-03 1.465689845465928398e-01
4.240000000000000213e+00 -5.195927734374999885e-01 2.725582122802734375e-01 3.693935546875000116e-04 3.705463409423828160e-03 1.470451874289936123e-01
4.250000000000000000e+00 -5.181044921874999876e-01 2.710094451904296875e-01 -2.160781249999999887e-04 3.766641616821289184e-03 1.461056162954144921e-01
4.259999999999999787e+00 -5.164101562499999742e-01 2.693071365356445312e-01 -1.792666015625000097e-04 3.726139068603515504e-03 1.482703799331619166e-01
4.269999999999999574e+00 -5.155400390625000107e-01 2.683563232421875000e-01 7.018974609375000203e-04 3.623104095458984288e-03 1.446059792133124189e-01
4.280000000000000249e+00 -5.130771484374999636e-01 2.658252716064453125e-01 1.077441406249999976e-04 3.691997528076172014e-03 1.440607274802105930e-01
4.290000000000000036e+00 -5.114472656249999805e-01 2.641563415527343750e-01 -1.062373046874999895e-03 3.677787780761718802e-03 1.434413474358317564e-01
4.299999999999999822e+00 -5.111142578124999725e-01 2.638015747070312500e-01 9.639931640625000334e-04 3.559303283691406077e-03 1.419859995584619172e-01
4.309999999999999609e+00 -5.092998046875000240e-01 2.620000839233398438e-01 -1.729697265624999952e-03 3.506355285644531094e-03 1.440842748187684819e-01
4.320000000000000284e+00 -5.076269531249999467e-01 2.602376937866210938e-01 -7.643935546874999635e-04 3.568801879882812361e-03 1.400587241509031466e-01
4.330000000000000071e+00 -5.058349609375000222e-01 2.584371566772460938e-01 4.810957031250000238e-04 3.549461364746093854e-03 1.402634045676502128e-01
4.339999999999999858e+00 -5.049287109375000249e-01 2.574939727783203125e-01 1.272675781250000044e-03 3.538246154785156146e-03 1.381401665409322799e-01
4.349999999999999645e+00 -5.032373046875000533e-01 2.558202743530273438e-01 4.200976562500000067e-04 3.464374542236327986e-03 1.392114822280807185e-01
4.360000000000000320e+00 -5.021337890624999467e-01 2.546424865722656250e-01 -4.454648437500000058e-04 3.511571884155273524e-03 1.348920503797287063e-01
4.370000000000000107e+00 -5.005664062500000400e-01 2.531194686889648438e-01 2.433261718749999986e-04 3.485908508300781042e-03 1.368812436508012875e-01
4.379999999999999893e+00 -4.998535156250000222e-01 2.524194717407226562e-01 4.041777343750000231e-04 3.505506515502929653e-03 1.369611293469556179e-01
4.389999999999999680e+00 -4.992626953125000044e-01 2.518205642700195312e-01 -7.331123046875000400e-05 3.483867645263671788e-03 1.358804254575754211e-01
4.400000000000000355e+00 -4.966855468749999947e-01 2.491998672485351562e-01 -1.216347656250000089e-03 3.432445526123046719e-03 1.324077897000910109e-01
4.410000000000000142e+00 -4.955136718750000058e-01 2.480773925781250000e-01 -1.996943359375000020e-05 3.498392105102538993e-03 1.339277260294697847e-01
4.419999999999999929e+00 -4.940585937499999969e-01 2.466278076171875000e-01 -5.393798828124999559e-04 3.416996002197265642e-03 1.328150265338035318e-01
4.429999999999999716e+00 -4.926875000000000004e-01 2.452716827392578125e-01 -1.604863281250000116e-04 3.366899490356445139e-03 1.320489340073071616e-01
4.440000000000000391e+00 -4.915205078125000071e-01 2.440662384033203125e-01 5.203828125000000120e-04 3.365240097045898472e-03 1.285001569645286279e-01
4.450000000000000178e+00 -4.903964843749999969e-01 2.430105209350585938e-01 -4.546865234374999854e-04 3.345336914062500139e-03 1.304043663599921410e-01
4.459999999999999964e+00 -4.884560546874999742e-01 2.410974502563476562e-01 -8.384833984375000089e-04 3.320560455322265746e-03 1.291162141286255061e-01
4.469999999999999751e+00 -4.875888671874999969e-01 2.402811050415039062e-01 -6.783896484375000376e-04 3.305015563964843698e-03 1.300801503228560252e-01
4.480000000000000426e+00 -4.861835937499999760e-01 2.388973236083984375e-01 5.026162109374999977e-04 3.244905471801758003e-03 1.287161620782361071e-01
4.490000000000000213e+00 -4.852099609375000178e-01 2.379713058471679688e-01 -5.137792968749999674e-04 3.295440673828124983e-03 1.291472783318742823e-01
4.500000000000000000e+00 -4.836035156249999800e-01 2.363862991333007812e-01 1.527539062500000034e-03 3.315963745117187465e-03 1.271246093750003081e-01
4.509999999999999787e+00 -4.823681640624999933e-01 2.352037429809570312e-01 5.779443359374999804e-05 3.264398574829101372e-03 1.271031123076312441e-01
4.519999999999999574e+00 -4.812880859374999987e-01 2.341327667236328125e-01 1.155214843750000100e-03 3.259077072143554566e-03 1.250300600892997605e-01
4.530000000000000249e+00 -4.803105468750000218e-01 2.331790924072265625e-01 1.022441406250000021e-03 3.259410858154296667e-03 1.237963184408938239e-01
4.540000000000000036e+00 -4.787988281250000200e-01 2.317361831665039062e-01 5.421083984375000284e-04 3.236522674560546667e-03 1.235990471915684175e-01
4.549999999999999822e+00 -4.775195312500000178e-01 2.305192947387695312e-01 -2.820888671874999774e-04 3.171911239624023229e-03 1.233791774846023231e-01
4.559999999999999609e+00 -4.766074218749999925e-01 2.296524047851562500e-01 1.256396484375000080e-03 3.192014694213867344e-03 1.230049959407583798e-01
4.570000000000000284e+00 -4.751162109375000053e-01 2.282152175903320312e-01 -5.222460937499999781e-05 3.184013366699218594e-03 1.215863606432604771e-01
4.580000000000000071e+00 -4.741894531249999933e-01 2.273292541503906250e-01 -9.587138671875000391e-05 3.226785659790039253e-03 1.207539661759762795e-01
4.589999999999999858e+00 -4.721894531249999916e-01 2.254323959350585938e-01 -7.837255859375000526e-05 3.254346847534179531e-03 1.200290811033627170e-01
4.599999999999999645e+00 -4.710654296874999813e-01 2.243671417236328125e-01 -3.902177734375000210e-04 3.161640167236327934e-03 1.192651579022191849e-01
4.610000000000000320e+00 -4.709375000000000089e-01 2.242488861083984375e-01 -1.086328125000000054e-03 3.187828063964843594e-03 1.188569306092096683e-01
4.620000000000000107e+00 -4.687392578124999765e-01 2.221860885620117188e-01 1.853242187500000072e-03 3.138418197631835833e-03 1.184791827990467478e-01
4.629999999999999893e+00 -4.674707031249999978e-01 2.209930419921875000e-01 -6.202783203124999801e-04 3.089284896850585851e-03 1.177093759402602635e-01
4.639999999999999680e+00 -4.672031249999999969e-01 2.207212448120117188e-01 8.026289062499999570e-04 3.175764083862304878e-03 1.161705018904208297e-01
4.650000000000000355e+00 -4.656054687499999734e-01 2.192449569702148438e-01 2.875322265625000003e-04 3.068513870239257969e-03 1.163353241704258578e-01
4.660000000000000142e+00 -4.641171874999999725e-01 2.178573608398437500e-01 8.582988281249999581e-04 3.098344802856445226e-03 1.156523161920479381e-01
4.669999999999999929e+00 -4.629765625000000218e-01 2.168130874633789062e-01 -2.057792968749999889e-04 3.025312423706054670e-03 1.157769992984502005e-01
4.679999999999999716e+00 -4.618281249999999782e-01 2.157258987426757812e-01 4.391064453125000165e-04 3.065423965454101493e-03 1.141088676355111325e-01
4.690000000000000391e+00 -4.602646484374999791e-01 2.142953872680664062e-01 -1.531757812499999916e-03 3.038005828857421806e-03 1.141422726198488558e-01
4.700000000000000178e+00 -4.595615234375000080e-01 2.136497497558593750e-01 -2.639833984374999765e-04 3.080444335937499931e-03 1.137087765515358423e-01
4.709999999999999964e+00 -4.588046874999999747e-01 2.129344940185546875e-01 7.119794921875000472e-05 3.093748092651367378e-03 1.122938867251782047e-01
4.719999999999999751e+00 -4.578408203125000075e-01 2.120437622070312500e-01 -8.308046874999999460e-05 3.106470108032226458e-03 1.114872950351435549e-01
4.730000000000000426e+00 -4.564570312499999782e-01 2.108268737792968750e-01 -7.589511718750000229e-04 3.033609390258788872e-03 1.132273804189454364e-01
4.740000000000000213e+00 -4.555673828124999769e-01 2.099781036376953125e-01 3.670742187500000095e-05 2.996501922607421823e-03 1.110460607980366526e-01
4.750000000000000000e+00 -4.544140624999999933e-01 2.089462280273437500e-01 -3.974638671875000036e-04 2.988271713256835781e-03 1.113788781163443514e-01
4.759999999999999787e+00 -4.530302734375000195e-01 2.076740264892578125e-01 -1.741035156250000070e-03 3.055982589721679531e-03 1.101661335059062330e-01
4.769999999999999574e+00 -4.518115234374999734e-01 2.065725326538085938e-01 1.445429687500000046e-04 3.009061813354492205e-03 1.097624066173311791e-01
4.780000000000000249e+00 -4.511054687500000160e-01 2.059268951416015625e-01 -7.020585937499999917e-04 2.952766418457031077e-03 1.089393232950654072e-01
4.790000000000000036e+00 -4.497558593750000111e-01 2.047090530395507812e-01 5.318925781249999761e-04 2.976903915405273646e-03 1.083942833819470236e-01
4.799999999999999822e+00 -4.489003906249999787e-01 2.039203643798828125e-01 -2.567812500000000108e-04 2.936944961547851684e-03 1.070579411824547217e-01
4.809999999999999609e+00 -4.469531250000000067e-01 2.021770477294921875e-01 6.391874999999999987e-04 2.920579910278320139e-03 1.066640715159423020e-01
4.820000000000000284e+00 -4.464658203124999836e-01 2.017440795898437500e-01 -3.921093749999999883e-04 2.931241989135742292e-03 1.063276847725998231e-01
4.830000000000000071e+00 -4.452070312499999960e-01 2.006235122680664062e-01 3.381171874999999846e-04 2.971239089965820469e-03 1.059695344347566376e-01
4.839999999999999858e+00 -4.440673828125000222e-01 1.996250152587890625e-01 -3.893603515624999767e-04 2.972545623779296927e-03 1.061861798880673891e-01
4.849999999999999645e+00 -4.434707031249999765e-01 1.990633010864257812e-01 -1.317705078124999974e-04 3.005504608154296875e-03 1.043496836473072897e-01
4.860000000000000320e+00 -4.429873046875000275e-01 1.986761093139648438e-01 -3.356542968750000151e-04 2.929677963256835729e-03 1.057121108088587280e-01
4.870000000000000107e+00 -4.416289062500000084e-01 1.974649429321289062e-01 -6.399287109374999540e-04 2.907800674438476736e-03 1.048680285735060919e-01
4.879999999999999893e+00 -4.409755859375000253e-01 1.968832015991210938e-01 7.188486328124999781e-05 2.960662841796875017e-03 1.042186167675194230e-01
4.889999999999999680e+00 -4.391533203124999840e-01 1.952486038208007812e-01 6.200732421875000460e-04 2.934455871582031250e-03 1.024751586523533764e-01
4.900000000000000355e+00 -4.381347656249999778e-01 1.943893432617187500e-01 4.137119140624999900e-04 2.860288619995117205e-03 1.035204040959503829e-01
4.910000000000000142e+00 -4.370126953124999769e-01 1.933746337890625000e-01 -5.256777343750000118e-06 2.917766571044921875e-03 1.017088378993354358e-01
4.919999999999999929e+00 -4.364160156249999867e-01 1.928653717041015625e-01 6.350849609374999887e-04 2.878942489624023403e-03 1.017990036661277214e-01
4.929999999999999716e+00 -4.352558593749999982e-01 1.918373107910156250e-01 9.732158203125000412e-05 2.825164794921875087e-03 1.006792545883234691e-01
4.940000000000000391e+00 -4.337763671875000115e-01 1.905908584594726562e-01 -7.242167968749999799e-04 2.815408706665039132e-03 1.019200384609617316e-01
4.950000000000000178e+00 -4.330605468750000075e-01 1.899490356445312500e-01 -6.016249999999999463e-04 2.830085754394531198e-03 1.006175184611266954e-01
4.959999999999999964e+00 -4.320986328124999942e-01 1.891164779663085938e-01 -1.159003906249999986e-03 2.811708450317382778e-03 1.001976894017442554e-01
4.969999999999999751e+00 -4.307714843750000133e-01 1.879253387451171875e-01 -2.484531249999999761e-04 2.870168685913086076e-03 9.788863573164294229e-02
4.980000000000000426e+00 -4.299482421874999960e-01 1.872291564941406250e-01 4.583662109374999792e-04 2.790498733520507986e-03 9.800783482669357671e-02
4.990000000000000213e+00 -4.296035156249999876e-01 1.869363784790039062e-01 1.902783203124999906e-04 2.815732955932617396e-03 9.776067525205804631e-02
5.000000000000000000e+00 -4.282138671874999858e-01 1.857728958129882812e-01 2.340136718750000094e-04 2.736196517944336059e-03 9.854073902343771230e-02
