5.000000000000000000e-01 -2.000000000000000000e+00 3.999996185302734375e+00 1.000000000000000000e+00 9.999990463256835938e-01 -6.250000000000000000e-02
5.100000000000000089e-01 -2.000000000000000000e+00 3.999996185302734375e+00 1.000000000000000000e+00 9.999990463256835938e-01 -6.007304882737408980e-02
5.200000000000000178e-01 -1.999997558593749947e+00 3.999990224838256836e+00 1.000000000000000000e+00 9.999990463256835938e-01 -1.445521952761075343e-04
5.300000000000000266e-01 -1.999997558593749947e+00 3.999990224838256836e+00 1.000000000000000000e+00 9.999990463256835938e-01 -1.391488558300444094e-04
5.400000000000000355e-01 -1.999997558593749947e+00 3.999990224838256836e+00 1.000000000000000000e+00 9.999990463256835938e-01 -1.340429135893672044e-04
5.500000000000000444e-01 -1.999995117187499893e+00 3.999978303909301758e+00 9.999975585937499467e-01 9.999990463256835938e-01 -2.931333935318306341e-02
5.600000000000000533e-01 -1.999995117187499893e+00 3.999978303909301758e+00 9.999975585937499467e-01 9.999990463256835938e-01 -2.827578174214884221e-02
5.699999999999999512e-01 -1.999995117187499893e+00 3.999978303909301758e+00 9.999975585937499467e-01 9.999990463256835938e-01 -2.729235196779895151e-02
5.799999999999999600e-01 -1.999992675781250062e+00 3.999972343444824219e+00 9.999975585937499467e-01 9.999990463256835938e-01 1.997184979886259051e-02
5.899999999999999689e-01 -1.999992675781250062e+00 3.999966382980346680e+00 9.999975585937499467e-01 9.999930858612060547e-01 -5.083462288900496284e-02
5.999999999999999778e-01 -1.999987792968749956e+00 3.999948501586914062e+00 9.999975585937499467e-01 9.999930858612060547e-01 -3.038363986181341278e-02
6.099999999999999867e-01 -1.999982910156250071e+00 3.999930620193481445e+00 9.999951171875000044e-01 9.999930858612060547e-01 -1.123591451348620110e-02
6.199999999999999956e-01 -1.999980468750000018e+00 3.999918699264526367e+00 9.999951171875000044e-01 9.999871253967285156e-01 -3.384332726185160928e-02
6.300000000000000044e-01 -1.999975585937499911e+00 3.999900817871093750e+00 9.999926757812499512e-01 9.999871253967285156e-01 -1.575319073894051666e-02
6.400000000000000133e-01 -1.999973144531250080e+00 3.999894857406616211e+00 9.999926757812499512e-01 9.999871253967285156e-01 2.278560399471274422e-02
6.500000000000000222e-01 -1.999965820312499920e+00 3.999865055084228516e+00 9.999926757812499512e-01 9.999811649322509766e-01 1.718541975363884963e-02
6.600000000000000311e-01 -1.999953613281250098e+00 3.999817371368408203e+00 9.999877929687499556e-01 9.999752044677734375e-01 2.742036621166635268e-02
6.700000000000000400e-01 -1.999948730468749991e+00 3.999793529510498047e+00 9.999877929687499556e-01 9.999752044677734375e-01 -1.272865137396312490e-02
6.800000000000000488e-01 -1.999938964843750000e+00 3.999757766723632812e+00 9.999853515625000133e-01 9.999692440032958984e-01 1.686254587140462516e-02
6.899999999999999467e-01 -1.999926757812499956e+00 3.999704122543334961e+00 9.999804687500000178e-01 9.999632835388183594e-01 -2.507043721150077967e-02
6.999999999999999556e-01 -1.999921875000000071e+00 3.999686241149902344e+00 9.999804687500000178e-01 9.999632835388183594e-01 -1.057397959292367441e-02
7.099999999999999645e-01 -1.999892578125000098e+00 3.999567031860351562e+00 9.999731445312499689e-01 9.999454021453857422e-01 -2.675017977850545001e-02
7.199999999999999734e-01 -1.999885253906249938e+00 3.999537229537963867e+00 9.999707031250000266e-01 9.999394416809082031e-01 -3.001879468139336329e-02
7.299999999999999822e-01 -1.999863281249999902e+00 3.999447822570800781e+00 9.999658203125000311e-01 9.999334812164306641e-01 -4.089944173260898902e-02
7.399999999999999911e-01 -1.999829101562500044e+00 3.999316692352294922e+00 9.999560546875000400e-01 9.999155998229980469e-01 1.921559701448296567e-03
7.500000000000000000e-01 -1.999821777343750107e+00 3.999292850494384766e+00 9.999560546875000400e-01 9.999096393585205078e-01 4.157426215048568713e-02
7.600000000000000089e-01 -1.999785156249999973e+00 3.999137878417968750e+00 9.999462890625000488e-01 9.998917579650878906e-01 -1.980447108787738303e-02
7.700000000000000178e-01 -1.999743652343749956e+00 3.998976945877075195e+00 9.999365234374999467e-01 9.998738765716552734e-01 1.568754842618211298e-02
7.800000000000000266e-01 -1.999707031250000044e+00 3.998827934265136719e+00 9.999267578124999556e-01 9.998500347137451172e-01 -1.861953484788821675e-03
7.900000000000000355e-01 -1.999682617187499956e+00 3.998726606369018555e+00 9.999194335937500178e-01 9.998381137847900391e-01 -2.601011080746727308e-02
8.000000000000000444e-01 -1.999633789062500000e+00 3.998541831970214844e+00 9.999072265624999734e-01 9.998142719268798828e-01 4.186630249023436806e-02
8.100000000000000533e-01 -1.999582519531249991e+00 3.998327255249023438e+00 9.998950195312500400e-01 9.997904300689697266e-01 -1.871115927542736299e-02
8.199999999999999512e-01 -1.999523925781250044e+00 3.998094797134399414e+00 9.998803710937500533e-01 9.997606277465820312e-01 -6.899586894407218514e-03
8.299999999999999600e-01 -1.999467773437499929e+00 3.997868299484252930e+00 9.998657226562499556e-01 9.997308254241943359e-01 -1.829810771651834214e-02
8.399999999999999689e-01 -1.999394531250000107e+00 3.997582197189331055e+00 9.998486328125000266e-01 9.996950626373291016e-01 2.151094812752758073e-02
8.499999999999999778e-01 -1.999318847656250009e+00 3.997278213500976562e+00 9.998291015625000444e-01 9.996592998504638672e-01 1.337312797221812920e-02
8.599999999999999867e-01 -1.999265136718749947e+00 3.997057676315307617e+00 9.998144531249999467e-01 9.996294975280761719e-01 -1.888825172372329483e-02
8.699999999999999956e-01 -1.999167480468750036e+00 3.996676206588745117e+00 9.997900390624999689e-01 9.995818138122558594e-01 3.025934191805633791e-02
8.800000000000000044e-01 -1.999064941406250018e+00 3.996264934539794922e+00 9.997631835937500488e-01 9.995281696319580078e-01 2.271513505438784233e-02
8.900000000000000133e-01 -1.998962402343750000e+00 3.995853662490844727e+00 9.997387695312499600e-01 9.994745254516601562e-01 1.539170869958022929e-02
9.000000000000000222e-01 -1.998854980468750098e+00 3.995418548583984375e+00 9.997094726562499867e-01 9.994208812713623047e-01 -1.357424889310668292e-02
9.100000000000000311e-01 -1.998718261718750000e+00 3.994876146316528320e+00 9.996752929687500178e-01 9.993493556976318359e-01 7.204669150389445172e-03
9.200000000000000400e-01 -1.998601074218750107e+00 3.994405269622802734e+00 9.996459960937500444e-01 9.992897510528564453e-01 -4.763078602248574378e-03
9.300000000000000488e-01 -1.998466796875000062e+00 3.993868827819824219e+00 9.996118164062499645e-01 9.992241859436035156e-01 -3.364279831310121836e-03
9.399999999999999467e-01 -1.998320312499999973e+00 3.993290662765502930e+00 9.995727539062500000e-01 9.991466999053955078e-01 3.055504470448046350e-02
9.499999999999999556e-01 -1.998139648437500027e+00 3.992563486099243164e+00 9.995263671874999867e-01 9.990513324737548828e-01 6.496602318822367571e-03
9.599999999999999645e-01 -1.998010253906250089e+00 3.992044925689697266e+00 9.994946289062499600e-01 9.989917278289794922e-01 -2.178880917666800956e-04
9.699999999999999734e-01 -1.997795410156250062e+00 3.991192579269409180e+00 9.994384765624999556e-01 9.988784790039062500e-01 2.646109173138022630e-02
9.799999999999999822e-01 -1.997573242187500098e+00 3.990310430526733398e+00 9.993823242187499512e-01 9.987652301788330078e-01 4.935596089395140329e-02
9.899999999999999911e-01 -1.997409667968750080e+00 3.989654779434204102e+00 9.993408203125000444e-01 9.986817836761474609e-01 3.927470630289894155e-02
1.000000000000000000e+00 -1.997167968749999911e+00 3.988683223724365234e+00 9.992797851562500444e-01 9.985566139221191406e-01 1.363281250087311491e-02
1.010000000000000009e+00 -1.996874999999999956e+00 3.987514972686767578e+00 9.992016601562500044e-01 9.984076023101806641e-01 2.090787667861433372e-02
1.020000000000000018e+00 -1.996643066406250000e+00 3.986585140228271484e+00 9.991430664062499467e-01 9.982824325561523438e-01 6.321163096825740436e-03
1.030000000000000027e+00 -1.996416015624999929e+00 3.985685110092163086e+00 9.990844726562500000e-01 9.981691837310791016e-01 3.166938153958008539e-02
1.040000000000000036e+00 -1.996115722656250036e+00 3.984487056732177734e+00 9.990063476562499600e-01 9.980142116546630859e-01 3.438010582496009437e-02
1.050000000000000044e+00 -1.995744628906249929e+00 3.983002901077270508e+00 9.989086914062500488e-01 9.978175163269042969e-01 2.332126470529495219e-02
1.060000000000000053e+00 -1.995478515624999893e+00 3.981941938400268555e+00 9.988403320312500000e-01 9.976863861083984375e-01 2.709309084763510123e-02
1.070000000000000062e+00 -1.995122070312500107e+00 3.980523347854614258e+00 9.987500000000000266e-01 9.975016117095947266e-01 4.032821848322304392e-02
1.080000000000000071e+00 -1.994763183593750044e+00 3.979086875915527344e+00 9.986547851562499467e-01 9.973108768463134766e-01 2.358885295389933148e-02
1.090000000000000080e+00 -1.994389648437500107e+00 3.977602720260620117e+00 9.985546874999999822e-01 9.971141815185546875e-01 4.361275026732279458e-02
1.100000000000000089e+00 -1.994006347656249956e+00 3.976076841354370117e+00 9.984570312499999600e-01 9.969174861907958984e-01 5.256034914175170686e-02
1.110000000000000098e+00 -1.993513183593750071e+00 3.974103927612304688e+00 9.983276367187500222e-01 9.966611862182617188e-01 3.030012830477517988e-02
1.120000000000000107e+00 -1.993093261718750009e+00 3.972434997558593750e+00 9.982177734374999556e-01 9.964406490325927734e-01 4.652293847468579741e-02
1.129999999999999893e+00 -1.992612304687499947e+00 3.970521688461303711e+00 9.980908203124999600e-01 9.961843490600585938e-01 5.739233874619015935e-02
1.139999999999999902e+00 -1.992158203125000027e+00 3.968709707260131836e+00 9.979711914062500133e-01 9.959518909454345703e-01 4.853987525019340388e-02
1.149999999999999911e+00 -1.991582031250000107e+00 3.966420888900756836e+00 9.978198242187500400e-01 9.956479072570800781e-01 6.783317580270284419e-02
1.159999999999999920e+00 -1.991003417968749911e+00 3.964108228683471680e+00 9.976684570312499556e-01 9.953439235687255859e-01 4.145410199913660693e-02
1.169999999999999929e+00 -1.990527343749999956e+00 3.962218761444091797e+00 9.975390625000000178e-01 9.950876235961914062e-01 5.881204799569704489e-02
1.179999999999999938e+00 -1.989821777343750098e+00 3.959417343139648438e+00 9.973535156249999645e-01 9.947121143341064453e-01 7.835923402650209202e-02
1.189999999999999947e+00 -1.989250488281250062e+00 3.957146406173706055e+00 9.972021484374999911e-01 9.944140911102294922e-01 8.359486372586107106e-02
1.199999999999999956e+00 -1.988640136718750062e+00 3.954708576202392578e+00 9.970361328125000311e-01 9.940862655639648438e-01 5.399561564066365088e-02
1.209999999999999964e+00 -1.987912597656249947e+00 3.951823711395263672e+00 9.968457031249999822e-01 9.936988353729248047e-01 7.613864146076566863e-02
1.219999999999999973e+00 -1.987202148437499982e+00 3.948998451232910156e+00 9.966552734375000444e-01 9.933233261108398438e-01 7.175011495197025635e-02
1.229999999999999982e+00 -1.986523437500000044e+00 3.946298360824584961e+00 9.964721679687500444e-01 9.929597377777099609e-01 6.225109888260340479e-02
1.239999999999999991e+00 -1.985612792968749929e+00 3.942692279815673828e+00 9.962231445312500488e-01 9.924590587615966797e-01 9.088190338765007870e-02
1.250000000000000000e+00 -1.984787597656249902e+00 3.939414024353027344e+00 9.960058593749999689e-01 9.920299053192138672e-01 8.445373437600210698e-02
1.260000000000000009e+00 -1.984035644531249920e+00 3.936427831649780273e+00 9.957983398437499911e-01 9.916186332702636719e-01 7.841347530851570935e-02
1.270000000000000018e+00 -1.983203124999999956e+00 3.933131694793701172e+00 9.955712890625000311e-01 9.911656379699707031e-01 9.411425072931345337e-02
1.280000000000000027e+00 -1.982175292968749947e+00 3.929054737091064453e+00 9.952954101562500044e-01 9.906172752380371094e-01 8.961258828654727893e-02
1.290000000000000036e+00 -1.981154785156250098e+00 3.925019502639770508e+00 9.950219726562500311e-01 9.900689125061035156e-01 1.113038151011424559e-01
1.300000000000000044e+00 -1.980275878906250009e+00 3.921532630920410156e+00 9.947753906249999778e-01 9.895801544189453125e-01 9.712692712203387091e-02
1.310000000000000053e+00 -1.979157714843750027e+00 3.917115926742553711e+00 9.944628906250000400e-01 9.889602661132812500e-01 1.209312124647734799e-01
1.320000000000000062e+00 -1.978203125000000062e+00 3.913331031799316406e+00 9.942065429687499956e-01 9.884476661682128906e-01 1.020897899447315293e-01
1.330000000000000071e+00 -1.977070312499999982e+00 3.908854722976684570e+00 9.938964843750000000e-01 9.878337383270263672e-01 1.104579470297405303e-01
1.340000000000000080e+00 -1.975808105468749964e+00 3.903865814208984375e+00 9.935449218749999867e-01 9.871363639831542969e-01 1.098241094331774137e-01
1.350000000000000089e+00 -1.974770507812499964e+00 3.899770975112915039e+00 9.932641601562499645e-01 9.865820407867431641e-01 1.178043016983261193e-01
1.360000000000000098e+00 -1.973564453125000062e+00 3.895014524459838867e+00 9.929174804687499467e-01 9.858906269073486328e-01 1.281634796034573365e-01
1.370000000000000107e+00 -1.972102050781249893e+00 3.889244794845581055e+00 9.925097656250000400e-01 9.850800037384033203e-01 1.272209655683717022e-01
1.379999999999999893e+00 -1.970888671875000053e+00 3.884464502334594727e+00 9.921704101562499600e-01 9.844064712524414062e-01 1.340930460381344891e-01
1.389999999999999902e+00 -1.969477539062499893e+00 3.878909349441528320e+00 9.917822265625000355e-01 9.836375713348388672e-01 1.432520294475762845e-01
1.399999999999999911e+00 -1.967966308593749991e+00 3.872960805892944336e+00 9.913525390624999822e-01 9.827852249145507812e-01 1.450613714728299086e-01
1.409999999999999920e+00 -1.966647949218750080e+00 3.867775201797485352e+00 9.909741210937500488e-01 9.820342063903808594e-01 1.463723682273337934e-01
1.419999999999999929e+00 -1.965173339843750089e+00 3.861981630325317383e+00 9.905566406250000400e-01 9.812057018280029297e-01 1.531118534066971126e-01
1.429999999999999938e+00 -1.963486328124999902e+00 3.855359554290771484e+00 9.900854492187499689e-01 9.802758693695068359e-01 1.622326809999788955e-01
1.439999999999999947e+00 -1.961872558593749982e+00 3.849029541015625000e+00 9.896118164062499556e-01 9.793400764465332031e-01 1.690960048162923612e-01
1.449999999999999956e+00 -1.960283203124999929e+00 3.842794895172119141e+00 9.891601562499999778e-01 9.784460067749023438e-01 1.649284705716377863e-01
1.459999999999999964e+00 -1.958557128906250000e+00 3.836029767990112305e+00 9.886499023437500533e-01 9.774327278137207031e-01 1.609130790654614007e-01
1.469999999999999973e+00 -1.956740722656250098e+00 3.828930854797363281e+00 9.881420898437499600e-01 9.764313697814941406e-01 1.831042146604707488e-01
1.479999999999999982e+00 -1.954902343749999938e+00 3.821742534637451172e+00 9.876147460937499956e-01 9.753942489624023438e-01 1.858029640710169017e-01
1.489999999999999991e+00 -1.953117675781250062e+00 3.814774751663208008e+00 9.870800781249999822e-01 9.743332862854003906e-01 1.957434767675046428e-01
1.500000000000000000e+00 -1.951171875000000000e+00 3.807181119918823242e+00 9.865234375000000444e-01 9.732365608215332031e-01 1.992187500000000000e-01
1.510000000000000009e+00 -1.949150390625000062e+00 3.799295425415039062e+00 9.859301757812499734e-01 9.720683097839355469e-01 1.943361516488551766e-01
1.520000000000000018e+00 -1.946997070312499911e+00 3.790920972824096680e+00 9.852856445312500044e-01 9.707987308502197266e-01 2.187364319357077980e-01
1.530000000000000027e+00 -1.945004882812499947e+00 3.783172369003295898e+00 9.846899414062499911e-01 9.696245193481445312e-01 2.246244349802956064e-01
1.540000000000000036e+00 -1.942956542968750089e+00 3.775209188461303711e+00 9.840820312500000444e-01 9.684324264526367188e-01 2.229010803455437895e-01
1.550000000000000044e+00 -1.940642089843749973e+00 3.766226768493652344e+00 9.833911132812499512e-01 9.670674800872802734e-01 2.302414375486888654e-01
1.560000000000000053e+00 -1.938352050781249947e+00 3.757339715957641602e+00 9.827075195312500178e-01 9.657263755798339844e-01 2.205592148564369248e-01
1.570000000000000062e+00 -1.936008300781250080e+00 3.748273849487304688e+00 9.819946289062500000e-01 9.643256664276123047e-01 2.421287751117318365e-01
1.580000000000000071e+00 -1.933300781250000044e+00 3.737801313400268555e+00 9.811718750000000266e-01 9.627163410186767578e-01 2.451342433098714080e-01
1.590000000000000080e+00 -1.931049804687499982e+00 3.729116916656494141e+00 9.804931640624999778e-01 9.613811969757080078e-01 2.650118527130195800e-01
1.600000000000000089e+00 -1.928435058593749973e+00 3.719025850296020508e+00 9.796948242187499822e-01 9.598195552825927734e-01 2.625201320647362890e-01
1.610000000000000098e+00 -1.925766601562499902e+00 3.708750009536743164e+00 9.788671875000000133e-01 9.581983089447021484e-01 2.733814025677346882e-01
1.620000000000000107e+00 -1.922854003906250053e+00 3.697550296783447266e+00 9.779638671874999467e-01 9.564340114593505859e-01 2.852660872331670983e-01
1.629999999999999893e+00 -1.919919433593749947e+00 3.686279058456420898e+00 9.770288085937499645e-01 9.546041488647460938e-01 2.904877302825226160e-01
1.639999999999999902e+00 -1.917021484374999973e+00 3.675162792205810547e+00 9.761254882812500089e-01 9.528458118438720703e-01 2.915150893725147463e-01
1.649999999999999911e+00 -1.914716796875000071e+00 3.666335344314575195e+00 9.753955078124999512e-01 9.514153003692626953e-01 2.932752238290589619e-01
1.659999999999999920e+00 -1.911276855468750036e+00 3.653186559677124023e+00 9.742431640625000000e-01 9.491741657257080078e-01 3.081980270710731884e-01
1.669999999999999929e+00 -1.908051757812500027e+00 3.640872240066528320e+00 9.732568359375000089e-01 9.472489356994628906e-01 3.094941876166137362e-01
1.679999999999999938e+00 -1.904958496093750009e+00 3.629088401794433594e+00 9.722485351562499822e-01 9.452939033508300781e-01 3.214947187982958310e-01
1.689999999999999947e+00 -1.901220703124999911e+00 3.614866733551025391e+00 9.710302734375000355e-01 9.429275989532470703e-01 3.249315883111618675e-01
1.699999999999999956e+00 -1.898256835937500053e+00 3.603619337081909180e+00 9.701196289062500311e-01 9.411573410034179688e-01 3.406084761566373631e-01
1.709999999999999964e+00 -1.894812011718749911e+00 3.590553998947143555e+00 9.689770507812499600e-01 9.389460086822509766e-01 3.382014761888946786e-01
1.719999999999999973e+00 -1.891149902343749911e+00 3.576707839965820312e+00 9.677636718750000089e-01 9.365975856781005859e-01 3.598216806251510747e-01
1.729999999999999982e+00 -1.887517089843750107e+00 3.562986850738525391e+00 9.665942382812500178e-01 9.343326091766357422e-01 3.641583175880531709e-01
1.739999999999999991e+00 -1.884274902343749947e+00 3.550767898559570312e+00 9.654541015625000000e-01 9.321391582489013672e-01 3.733845157755970590e-01
1.750000000000000000e+00 -1.879765625000000107e+00 3.533804416656494141e+00 9.639257812499999467e-01 9.291887283325195312e-01 3.819969387752317758e-01
1.760000000000000009e+00 -1.876372070312499973e+00 3.521066904067993164e+00 9.628222656249999512e-01 9.270668029785156250e-01 3.897624055215214156e-01
1.770000000000000018e+00 -1.872128906249999947e+00 3.505176305770874023e+00 9.613842773437499822e-01 9.243011474609375000e-01 4.048595151457422547e-01
1.780000000000000027e+00 -1.867980957031250000e+00 3.489685058593750000e+00 9.599023437500000533e-01 9.214580059051513672e-01 4.294604578488945279e-01
1.790000000000000036e+00 -1.863461914062499947e+00 3.472828865051269531e+00 9.583105468749999467e-01 9.184062480926513672e-01 4.328021312054701197e-01
1.800000000000000044e+00 -1.859118652343749956e+00 3.456676006317138672e+00 9.567651367187499645e-01 9.154498577117919922e-01 4.473272252967652740e-01
1.810000000000000053e+00 -1.854333496093750089e+00 3.438913822174072266e+00 9.550610351562499600e-01 9.121954441070556641e-01 4.514807451956153184e-01
1.820000000000000062e+00 -1.850234375000000098e+00 3.423744440078735352e+00 9.535961914062499600e-01 9.093999862670898438e-01 4.664296469325073802e-01
1.830000000000000071e+00 -1.845854492187499973e+00 3.407567739486694336e+00 9.520922851562499956e-01 9.065389633178710938e-01 4.756995475659065997e-01
1.840000000000000080e+00 -1.841154785156249973e+00 3.390246629714965820e+00 9.504272460937499556e-01 9.033739566802978516e-01 4.787137224455979556e-01
1.850000000000000089e+00 -1.836142578125000036e+00 3.371822834014892578e+00 9.484130859374999556e-01 8.995532989501953125e-01 4.826240640977098595e-01
1.860000000000000098e+00 -1.830605468749999964e+00 3.351551294326782227e+00 9.463500976562500000e-01 8.956491947174072266e-01 5.149150190773061908e-01
1.870000000000000107e+00 -1.826018066406249973e+00 3.334796428680419922e+00 9.446362304687500044e-01 8.924186229705810547e-01 5.323076262076845699e-01
1.879999999999999893e+00 -1.820649414062500027e+00 3.315216302871704102e+00 9.427026367187499867e-01 8.887708187103271484e-01 5.238368948318067320e-01
1.889999999999999902e+00 -1.814812011718750062e+00 3.294026851654052734e+00 9.404882812499999467e-01 8.846044540405273438e-01 5.552307113526627758e-01
1.899999999999999911e+00 -1.810090332031250027e+00 3.276920318603515625e+00 9.385742187500000222e-01 8.810102939605712891e-01 5.597206584896317061e-01
1.909999999999999920e+00 -1.803886718750000062e+00 3.254508972167968750e+00 9.360742187499999645e-01 8.763313293457031250e-01 5.632722341763731766e-01
1.919999999999999929e+00 -1.797741699218750044e+00 3.232407569885253906e+00 9.336816406250000311e-01 8.718609809875488281e-01 5.915030837059612745e-01
1.929999999999999938e+00 -1.791696777343749991e+00 3.210723400115966797e+00 9.312353515625000355e-01 8.673071861267089844e-01 6.004602197270362263e-01
1.939999999999999947e+00 -1.786325683593749991e+00 3.191512823104858398e+00 9.290209960937499956e-01 8.631944656372070312e-01 6.022491698335976640e-01
1.949999999999999956e+00 -1.778830566406250036e+00 3.164833784103393555e+00 9.257763671875000044e-01 8.571922779083251953e-01 6.415721500554910639e-01
1.959999999999999964e+00 -1.772978515624999973e+00 3.144085407257080078e+00 9.235424804687499822e-01 8.530676364898681641e-01 6.744820476819191057e-01
1.969999999999999973e+00 -1.766552734375000044e+00 3.121340274810791016e+00 9.206591796874999956e-01 8.477568626403808594e-01 6.667242738475236408e-01
1.979999999999999982e+00 -1.760793457031250009e+00 3.101056814193725586e+00 9.183276367187499512e-01 8.434832096099853516e-01 6.929222023641211647e-01
1.989999999999999991e+00 -1.752907714843749964e+00 3.073352575302124023e+00 9.147265624999999512e-01 8.368909358978271484e-01 6.900122607286833798e-01
2.000000000000000000e+00 -1.746047363281250098e+00 3.049385547637939453e+00 9.118237304687499822e-01 8.315980434417724609e-01 7.210524841307233146e-01
2.009999999999999787e+00 -1.737937011718750036e+00 3.021168708801269531e+00 9.078344726562499467e-01 8.243620395660400391e-01 7.539414863550757406e-01
2.020000000000000018e+00 -1.730964355468749938e+00 2.996981143951416016e+00 9.047534179687499734e-01 8.187830448150634766e-01 7.463867319132241329e-01
2.029999999999999805e+00 -1.722790527343750044e+00 2.968806028366088867e+00 9.009057617187500311e-01 8.118689060211181641e-01 7.940004513480223292e-01
2.040000000000000036e+00 -1.714721679687500000e+00 2.941083908081054688e+00 8.968676757812500400e-01 8.046269416809082031e-01 8.006464376306589026e-01
2.049999999999999822e+00 -1.707399902343750053e+00 2.916073799133300781e+00 8.934692382812500222e-01 7.985532283782958984e-01 8.375943390742083272e-01
2.060000000000000053e+00 -1.698610839843750053e+00 2.886188030242919922e+00 8.887304687499999467e-01 7.901668548583984375e-01 8.776198401618644507e-01
2.069999999999999840e+00 -1.690351562500000071e+00 2.858191728591918945e+00 8.839624023437500089e-01 7.817566394805908203e-01 8.635006797121677069e-01
2.080000000000000071e+00 -1.681525878906249938e+00 2.828514575958251953e+00 8.794677734375000444e-01 7.738828659057617188e-01 9.328232206540483240e-01
2.089999999999999858e+00 -1.671589355468749982e+00 2.795201539993286133e+00 8.742114257812499956e-01 7.646560668945312500e-01 9.288617724864941527e-01
2.100000000000000089e+00 -1.661403808593749920e+00 2.761304378509521484e+00 8.682006835937500222e-01 7.542729377746582031e-01 9.675878629447843826e-01
2.109999999999999876e+00 -1.653833007812500089e+00 2.736240625381469727e+00 8.649072265624999645e-01 7.485270500183105469e-01 9.908634891047299886e-01
2.120000000000000107e+00 -1.640920410156250009e+00 2.693760395050048828e+00 8.558984375000000533e-01 7.331669330596923828e-01 1.039495411781441225e+00
2.129999999999999893e+00 -1.632177734374999911e+00 2.665168046951293945e+00 8.508129882812499600e-01 7.245779037475585938e-01 1.050782455393743264e+00
2.140000000000000124e+00 -1.621289062500000044e+00 2.629750967025756836e+00 8.438769531249999956e-01 7.128298282623291016e-01 1.048902674360174370e+00
2.149999999999999911e+00 -1.608869628906250071e+00 2.589738368988037109e+00 8.349999999999999645e-01 6.980657577514648438e-01 1.131449595853810886e+00
2.160000000000000142e+00 -1.598710937499999929e+00 2.557212114334106445e+00 8.278930664062500444e-01 6.865918636322021484e-01 1.172413850844676420e+00
2.169999999999999929e+00 -1.588962402343750080e+00 2.526164054870605469e+00 8.222924804687500311e-01 6.771683692932128906e-01 1.185193773484123581e+00
2.180000000000000160e+00 -1.574714355468749938e+00 2.481138706207275391e+00 8.121166992187499600e-01 6.606757640838623047e-01 1.218185847339945171e+00
2.189999999999999947e+00 -1.560437011718750044e+00 2.436506748199462891e+00 7.987231445312500400e-01 6.396770477294921875e-01 1.317832900486346048e+00
2.200000000000000178e+00 -1.543981933593749911e+00 2.385604381561279297e+00 7.793627929687499956e-01 6.103336811065673828e-01 1.459132549191489492e+00
2.209999999999999964e+00 -1.529411621093750062e+00 2.340996265411376953e+00 7.645922851562499956e-01 5.885827541351318359e-01 1.590361608450932884e+00
2.220000000000000195e+00 -1.517976074218750027e+00 2.306091785430908203e+00 7.545727539062500044e-01 5.744045972824096680e-01 1.529578520467787195e+00
2.229999999999999982e+00 -1.502990722656250000e+00 2.260875701904296875e+00 7.439062499999999911e-01 5.569308996200561523e-01 1.560505670224805908e+00
2.240000000000000213e+00 -1.484492187499999893e+00 2.205932140350341797e+00 7.104370117187499556e-01 5.159717798233032227e-01 1.808233144332288767e+00
2.250000000000000000e+00 -1.448850097656249947e+00 2.102339267730712891e+00 5.927026367187500089e-01 3.963124752044677734e-01 2.566957942708496088e+00
2.259999999999999787e+00 -1.446872558593750080e+00 2.095961570739746094e+00 6.547875976562500533e-01 4.441106319427490234e-01 2.021992956688975163e+00
2.270000000000000018e+00 -1.419812011718750044e+00 2.018481492996215820e+00 5.966040039062500133e-01 3.755545616149902344e-01 2.078916835475737468e+00
2.279999999999999805e+00 -1.402541503906250098e+00 1.969844102859497070e+00 5.821704101562500400e-01 3.575885295867919922e-01 2.144311375968461331e+00
2.290000000000000036e+00 -1.371018066406249902e+00 1.882427930831909180e+00 3.667480468750000111e-01 2.340465784072875977e-01 2.138090301593536857e+00
2.299999999999999822e+00 -1.358378906250000018e+00 1.847815513610839844e+00 -2.481420898437499897e-02 2.410215139389038086e-01 2.030393135633180801e+00
2.310000000000000053e+00 -1.338427734374999956e+00 1.794141530990600586e+00 -2.646582031249999911e-01 1.888966560363769531e-01 2.113001170681778174e+00
2.319999999999999840e+00 -1.308513183593750018e+00 1.714247465133666992e+00 -4.660107421874999656e-02 1.171094179153442383e-01 1.552980543175077388e+00
2.330000000000000071e+00 -1.300603027343750107e+00 1.693761348724365234e+00 2.648974609374999956e-01 1.232612133026123047e-01 1.654662067354386590e+00
2.339999999999999858e+00 -1.282702636718749956e+00 1.647400856018066406e+00 2.177749023437499862e-02 9.740531444549560547e-02 1.552046910205942210e+00
2.350000000000000089e+00 -1.277092285156250062e+00 1.633113622665405273e+00 1.122409667968749941e-01 1.086574792861938477e-01 1.593837492749788920e+00
2.359999999999999876e+00 -1.254819335937499947e+00 1.576262712478637695e+00 1.072043457031249952e-01 5.866479873657226562e-02 1.243704506803842813e+00
2.370000000000000107e+00 -1.239736328125000009e+00 1.538699865341186523e+00 -4.129345703125000128e-02 5.730968713760375977e-02 1.278848416720123726e+00
2.379999999999999893e+00 -1.229575195312500036e+00 1.513582468032836914e+00 2.908593749999999895e-02 5.970478057861328125e-02 1.249037833193874070e+00
2.390000000000000124e+00 -1.216713867187499964e+00 1.482033729553222656e+00 1.877290039062499971e-02 4.418444633483886719e-02 1.176786978929595717e+00
2.399999999999999911e+00 -1.206499023437499929e+00 1.457279920578002930e+00 -2.368493652343749839e-02 3.965479135513305664e-02 1.166241438124081542e+00
2.410000000000000142e+00 -1.192099609375000036e+00 1.422727108001708984e+00 1.290712890625000074e-02 3.763324022293090820e-02 1.146429595629272047e+00
2.419999999999999929e+00 -1.183879394531250018e+00 1.403141021728515625e+00 1.811076660156249983e-03 3.669977188110351562e-02 1.098487367819498184e+00
2.430000000000000160e+00 -1.174584960937500089e+00 1.381176710128784180e+00 2.433508300781250105e-02 2.772086858749389648e-02 1.059137177783302297e+00
2.439999999999999947e+00 -1.160864257812499911e+00 1.349097490310668945e+00 1.465246582031250015e-02 2.551817893981933594e-02 1.026246445821731301e+00
2.450000000000000178e+00 -1.154042968750000009e+00 1.333218812942504883e+00 1.796093749999999947e-03 2.242940664291381836e-02 9.578186172427803902e-01
2.459999999999999964e+00 -1.139790039062499982e+00 1.300501823425292969e+00 9.767797851562499273e-03 1.841461658477783203e-02 9.343790375428593364e-01
2.470000000000000195e+00 -1.131633300781250018e+00 1.281958818435668945e+00 9.556958007812499725e-03 1.694726943969726562e-02 9.163555426696893269e-01
2.479999999999999982e+00 -1.122614746093749893e+00 1.261633634567260742e+00 5.179907226562499752e-03 1.656907796859741211e-02 9.122273765668801326e-01
2.490000000000000213e+00 -1.113757324218749956e+00 1.241731643676757812e+00 2.682666015625000209e-03 1.463335752487182617e-02 8.431456396306248324e-01
2.500000000000000000e+00 -1.107607421875000053e+00 1.228106021881103516e+00 9.566381835937500314e-03 1.561075448989868164e-02 8.597149374999571991e-01
2.509999999999999787e+00 -1.099863281249999991e+00 1.211041212081909180e+00 -4.954443359374999592e-03 1.490360498428344727e-02 8.724826788463864169e-01
2.520000000000000018e+00 -1.088166503906250027e+00 1.185381412506103516e+00 -3.035253906249999866e-03 1.175361871719360352e-02 8.224200159574281965e-01
2.529999999999999805e+00 -1.081240234375000053e+00 1.170325279235839844e+00 -3.578271484374999801e-03 1.361083984375000000e-02 7.965822555226248491e-01
2.540000000000000036e+00 -1.073122558593750053e+00 1.152795553207397461e+00 -4.080981445312499567e-03 1.220303773880004883e-02 7.640970322223150646e-01
2.549999999999999822e+00 -1.065920410156250053e+00 1.137399673461914062e+00 1.030161132812499984e-02 1.210516691207885742e-02 7.643048909973781946e-01
2.560000000000000053e+00 -1.057900390624999964e+00 1.120299100875854492e+00 7.660888671875000326e-03 9.522557258605957031e-03 7.161652445793198485e-01
2.569999999999999840e+00 -1.049575195312500098e+00 1.102817058563232422e+00 -9.876611328124999811e-03 9.772598743438720703e-03 7.497362132421035996e-01
2.580000000000000071e+00 -1.043344726562499991e+00 1.089763641357421875e+00 -1.451823730468750073e-02 8.756816387176513672e-03 7.356006619334412022e-01
2.589999999999999858e+00 -1.035083007812499956e+00 1.072567701339721680e+00 -1.159880371093749939e-02 8.947491645812988281e-03 7.149381292532590582e-01
2.600000000000000089e+00 -1.028444824218750053e+00 1.058864593505859375e+00 3.028271484375000093e-03 8.875548839569091797e-03 7.064006701587313142e-01
2.609999999999999876e+00 -1.021560058593750098e+00 1.044756174087524414e+00 -3.648583984374999863e-03 9.191811084747314453e-03 7.042351533425592613e-01
2.620000000000000107e+00 -1.013981933593750107e+00 1.029282808303833008e+00 -9.154516601562500463e-04 8.069992065429687500e-03 6.703626647027340901e-01
2.629999999999999893e+00 -1.008073730468749929e+00 1.017338037490844727e+00 8.506542968749999239e-03 7.835686206817626953e-03 6.664261874393779816e-01
2.640000000000000124e+00 -1.002092285156249929e+00 1.005297899246215820e+00 -5.444189453124999648e-03 7.022976875305175781e-03 6.517252681232581502e-01
2.649999999999999911e+00 -9.943554687500000266e-01 9.898245334625244141e-01 7.242651367187500147e-05 7.311820983886718750e-03 6.309416162335281797e-01
2.660000000000000142e+00 -9.893603515625000178e-01 9.799361228942871094e-01 -9.110400390624999846e-04 6.396532058715820312e-03 6.380636972262092588e-01
2.669999999999999929e+00 -9.820776367187500355e-01 9.655773639678955078e-01 -7.973266601562499153e-03 6.653189659118652344e-03 6.325242497472228775e-01
2.680000000000000160e+00 -9.759863281249999689e-01 9.536623954772949219e-01 4.643945312499999853e-03 5.862045288085937673e-03 6.347720969836287974e-01
2.689999999999999947e+00 -9.698339843750000133e-01 9.416341781616210938e-01 5.066918945312500269e-03 5.556327104568481272e-03 5.978746644428555301e-01
2.700000000000000178e+00 -9.639062499999999645e-01 9.301722049713134766e-01 -1.301274414062500049e-03 5.819076299667358051e-03 5.938616683813858765e-01
2.709999999999999964e+00 -9.576977539062500044e-01 9.182155132293701172e-01 -2.899511718750000071e-03 5.367565155029297048e-03 5.747514340539596756e-01
2.720000000000000195e+00 -9.522753906249999956e-01 9.078979492187500000e-01 -4.269458007812500060e-03 5.241799354553222830e-03 5.921271301058093073e-01
2.729999999999999982e+00 -9.454150390625000178e-01 8.948683738708496094e-01 2.058449707031249909e-03 5.384844541549682444e-03 5.818880984037870796e-01
2.740000000000000213e+00 -9.398193359375000000e-01 8.842766284942626953e-01 -1.520651855468749909e-03 5.161309242248534809e-03 5.544430471913460723e-01
2.750000000000000000e+00 -9.344506835937500533e-01 8.741974830627441406e-01 -2.568359374999999896e-03 5.207097530364990581e-03 5.412964843749212829e-01
2.759999999999999787e+00 -9.278759765624999822e-01 8.619725704193115234e-01 -1.228088378906249918e-03 4.506796598434448242e-03 5.477800663718379592e-01
2.770000000000000018e+00 -9.240209960937499911e-01 8.548080921173095703e-01 -7.417773437500000322e-04 4.384207725524902517e-03 5.302453448938282410e-01
2.779999999999999805e+00 -9.180834960937499512e-01 8.438825607299804688e-01 2.073425292968749788e-03 4.818594455718994488e-03 5.327783492490698602e-01
2.790000000000000036e+00 -9.128613281249999822e-01 8.343338966369628906e-01 -3.237548828124999813e-03 4.498612880706786936e-03 5.357210029901113835e-01
2.799999999999999822e+00 -9.074389648437499734e-01 8.244335651397705078e-01 5.872583007812499575e-04 4.547286033630371267e-03 5.162267287896821211e-01
2.810000000000000053e+00 -9.035424804687499645e-01 8.173704147338867188e-01 -3.077783203125000061e-03 4.228109121322631489e-03 5.090889627029218101e-01
2.819999999999999840e+00 -8.982568359375000533e-01 8.078515529632568359e-01 -2.651977539062500173e-03 4.213744401931762348e-03 5.079617154687356972e-01
2.830000000000000071e+00 -8.931738281250000133e-01 7.987141609191894531e-01 4.564355468749999728e-03 4.363399744033813303e-03 4.882497420838091684e-01
2.839999999999999858e+00 -8.880859374999999778e-01 7.896482944488525391e-01 -5.611914062499999932e-03 4.247939586639404644e-03 4.832880148408121856e-01
2.850000000000000089e+00 -8.827416992187500089e-01 7.801949977874755859e-01 1.785224609375000082e-03 3.623539209365844813e-03 4.851611763956407142e-01
2.859999999999999876e+00 -8.784570312499999645e-01 7.726609706878662109e-01 -6.773144531250000194e-04 3.903943300247192556e-03 4.878459062790728162e-01
2.870000000000000107e+00 -8.734545898437500178e-01 7.638692855834960938e-01 -9.698120117187500116e-04 3.443968296051025217e-03 4.706031764026193942e-01
2.879999999999999893e+00 -8.694970703125000089e-01 7.569551467895507812e-01 -1.039736328124999916e-03 3.813403844833374197e-03 4.592550654469866322e-01
2.890000000000000124e+00 -8.637719726562500533e-01 7.470488548278808594e-01 4.012182617187499772e-04 3.416335582733154210e-03 4.643421890854489975e-01
2.899999999999999911e+00 -8.602783203124999556e-01 7.409870624542236328e-01 -8.213842773437500522e-04 3.555709123611450282e-03 4.423651043215073853e-01
2.910000000000000142e+00 -8.551025390625000000e-01 7.321238517761230469e-01 1.751047363281250067e-03 3.375720977783202952e-03 4.466945133611730512e-01
2.919999999999999929e+00 -8.504443359375000178e-01 7.241725921630859375e-01 -1.418100585937499955e-03 3.307121992111206228e-03 4.405292747928235553e-01
2.930000000000000160e+00 -8.465966796874999645e-01 7.176458835601806641e-01 -1.003317871093749964e-03 3.327190876007080078e-03 4.389214524739948331e-01
2.939999999999999947e+00 -8.421850585937500355e-01 7.101714611053466797e-01 -7.959179687499999675e-04 3.036081790924072266e-03 4.244930831002849403e-01
2.950000000000000178e+00 -8.373437500000000533e-01 7.020413875579833984e-01 -2.282792968749999991e-03 3.096443414688110178e-03 4.221112826773252280e-01
2.959999999999999964e+00 -8.343310546875000178e-01 6.969988346099853516e-01 1.795605468750000001e-03 3.158247470855712804e-03 4.163159300063233870e-01
2.970000000000000195e+00 -8.291943359375000266e-01 6.884455680847167969e-01 -9.835815429687499046e-04 3.123795986175537023e-03 4.097074202851626601e-01
2.979999999999999982e+00 -8.254565429687500400e-01 6.822824478149414062e-01 3.186523437499999930e-05 2.953475713729858312e-03 4.169353311391640338e-01
2.990000000000000213e+00 -8.214599609374999556e-01 6.756901741027832031e-01 9.246997070312500252e-04 2.940219640731811350e-03 4.094610304799992107e-01
3.000000000000000000e+00 -8.178344726562499778e-01 6.697297096252441406e-01 -1.648137207031250093e-04 2.840209007263183767e-03 3.988980441623526385e-01
3.009999999999999787e+00 -8.132397460937500488e-01 6.622314453125000000e-01 4.446508789062500184e-04 2.849960327148437587e-03 3.944778279859545989e-01
3.020000000000000018e+00 -8.089916992187500266e-01 6.553411483764648438e-01 1.533708496093750010e-03 2.715265750885009679e-03 3.923270325614254816e-01
3.029999999999999805e+00 -8.056591796875000044e-01 6.499588489532470703e-01 1.582551269531250096e-04 2.865105867385864258e-03 3.890975315430857950e-01
3.040000000000000036e+00 -8.015136718750000000e-01 6.432771682739257812e-01 -2.284812011718749883e-03 2.712947130203246897e-03 3.780618598916854478e-01
3.049999999999999822e+00 -7.972583007812500400e-01 6.364941596984863281e-01 -1.027849121093749995e-03 2.631908655166625890e-03 3.845513402604907038e-01
3.060000000000000053e+00 -7.939160156250000266e-01 6.311535835266113281e-01 -3.300122070312500131e-03 2.450597286224365061e-03 3.722355968190348419e-01
3.069999999999999840e+00 -7.899877929687499911e-01 6.249368190765380859e-01 -8.461962890624999704e-04 2.600145339965820139e-03 3.720580936825151896e-01
3.080000000000000071e+00 -7.863427734375000311e-01 6.191790103912353516e-01 2.724169921875000192e-03 2.533942461013793945e-03 3.644418650482204591e-01
3.089999999999999858e+00 -7.827490234374999689e-01 6.135344505310058594e-01 -8.671459960937499562e-04 2.374261617660522461e-03 3.596689782358548637e-01
3.100000000000000089e+00 -7.796923828124999734e-01 6.087601184844970703e-01 1.408295898437499907e-03 2.420109510421752756e-03 3.579872752178914763e-01
3.109999999999999876e+00 -7.751855468749999645e-01 6.017565727233886719e-01 -7.957104492187500175e-04 2.419430017471313650e-03 3.573971380956729726e-01
3.120000000000000107e+00 -7.717724609374999600e-01 5.964636802673339844e-01 1.505922851562500019e-03 2.287411689758300868e-03 3.496431530031415269e-01
3.129999999999999893e+00 -7.688647460937499956e-01 5.919802188873291016e-01 7.955126953125000230e-04 2.324676513671874913e-03 3.458540591244108064e-01
3.140000000000000124e+00 -7.650927734375000400e-01 5.862069129943847656e-01 1.339196777343750096e-03 2.244848012924194509e-03 3.489472565919103375e-01
3.149999999999999911e+00 -7.618530273437500444e-01 5.812495946884155273e-01 1.273930664062500025e-03 2.265125513076782227e-03 3.424414579199680508e-01
3.160000000000000142e+00 -7.575805664062500444e-01 5.747658014297485352e-01 -1.184941406249999905e-03 2.189487218856811523e-03 3.435292891099064883e-01
3.169999999999999929e+00 -7.550000000000000044e-01 5.708622932434082031e-01 -1.057839355468750010e-03 2.203840017318725759e-03 3.412864218969224317e-01
3.180000000000000160e+00 -7.514086914062499956e-01 5.654484033584594727e-01 3.505053710937500004e-06 2.196377515792846593e-03 3.375590371065023132e-01
3.189999999999999947e+00 -7.481347656250000311e-01 5.605340003967285156e-01 8.490161132812500122e-04 2.101308107376098546e-03 3.334298242327233264e-01
3.200000000000000178e+00 -7.453833007812500355e-01 5.564272403717041016e-01 -1.205063476562500107e-03 2.102065086364746267e-03 3.323901152610719278e-01
3.209999999999999964e+00 -7.423486328124999645e-01 5.518853664398193359e-01 -1.319470214843750100e-03 2.035391330718993967e-03 3.195492172867251401e-01
3.220000000000000195e+00 -7.384936523437499734e-01 5.461812019348144531e-01 -1.483149414062500011e-03 2.024537324905395421e-03 3.193268932488257383e-01
3.229999999999999982e+00 -7.352465820312500400e-01 5.413836240768432617e-01 7.810351562500000453e-04 1.972860097885131749e-03 3.125473426274901212e-01
3.240000000000000213e+00 -7.325097656250000311e-01 5.373662710189819336e-01 -7.193457031249999873e-04 1.986014842987060720e-03 3.104753184656143805e-01
3.250000000000000000e+00 -7.293115234375000533e-01 5.327039957046508789e-01 -4.761523437500000131e-04 1.995378732681274501e-03 3.136023576183230022e-01
3.259999999999999787e+00 -7.270507812500000000e-01 5.293875932693481445e-01 -2.107795410156250090e-03 1.954978704452514562e-03 3.024535613638074660e-01
3.270000000000000018e+00 -7.238818359374999956e-01 5.248057842254638672e-01 1.000874023437499892e-03 1.926994323730468663e-03 3.067802931004266487e-01
3.279999999999999805e+00 -7.204125976562499867e-01 5.197823047637939453e-01 6.948583984375000279e-04 1.930540800094604405e-03 3.000095760021102564e-01
3.290000000000000036e+00 -7.171655273437500533e-01 5.151277780532836914e-01 9.666137695312499844e-04 1.883482933044433507e-03 3.032557606369605252e-01
3.299999999999999822e+00 -7.136865234375000533e-01 5.101406574249267578e-01 -3.822680664062500259e-04 1.844573020935058550e-03 2.979675214502638392e-01
3.310000000000000053e+00 -7.115112304687499778e-01 5.070257186889648438e-01 -8.737597656250000247e-04 1.825654506683349696e-03 2.906681422585210561e-01
3.319999999999999840e+00 -7.083154296875000533e-01 5.024874210357666016e-01 -1.867307128906250003e-04 1.774817705154418945e-03 2.886170913179748609e-01
3.330000000000000071e+00 -7.059448242187500444e-01 4.991453886032104492e-01 5.401293945312499872e-04 1.828330755233764605e-03 2.908093002031983398e-01
3.339999999999999858e+00 -7.024658203125000444e-01 4.942345619201660156e-01 -6.537377929687499542e-04 1.809769868850708095e-03 2.850461507981205678e-01
3.350000000000000089e+00 -6.999829101562500266e-01 4.907417297363281250e-01 1.147314453124999951e-03 1.700443029403686567e-03 2.794496594974995585e-01
3.359999999999999876e+00 -6.975048828125000044e-01 4.872930049896240234e-01 2.762988281250000145e-04 1.659536361694336024e-03 2.829726774946634826e-01
3.370000000000000107e+00 -6.939819335937500444e-01 4.823917150497436523e-01 -8.441699218750000309e-04 1.712626218795776280e-03 2.816014499410587346e-01
3.379999999999999893e+00 -6.910791015624999645e-01 4.783481359481811523e-01 2.909741210937499866e-04 1.675927639007568446e-03 2.716987513430869638e-01
3.390000000000000124e+00 -6.891210937499999689e-01 4.756647348403930664e-01 1.893945312500000012e-03 1.669901609420776324e-03 2.768849769624538437e-01
3.399999999999999911e+00 -6.858935546875000178e-01 4.712164402008056641e-01 1.134150390625000013e-03 1.714402437210083095e-03 2.715803332477134124e-01
3.410000000000000142e+00 -6.831030273437499467e-01 4.673862457275390625e-01 -7.942773437500000682e-06 1.621103286743163976e-03 2.664771564108665003e-01
3.419999999999999929e+00 -6.806591796875000044e-01 4.640519618988037109e-01 -1.111225585937500098e-03 1.632905006408691320e-03 2.644109428836058373e-01
3.430000000000000160e+00 -6.773266601562499822e-01 4.595291614532470703e-01 -6.363281249999999580e-04 1.561248302459716884e-03 2.638162875342006664e-01
3.439999999999999947e+00 -6.754956054687499822e-01 4.570353031158447266e-01 -6.776635742187500297e-04 1.600140333175659266e-03 2.564811624018418779e-01
3.450000000000000178e+00 -6.730883789062499512e-01 4.537987709045410156e-01 5.237670898437500220e-04 1.563572883605957118e-03 2.583740921517573841e-01
3.459999999999999964e+00 -6.700927734374999556e-01 4.497689008712768555e-01 -4.470361328124999780e-04 1.539981365203857335e-03 2.547514713859478919e-01
3.470000000000000195e+00 -6.676806640625000400e-01 4.465478658676147461e-01 2.865820312499999987e-04 1.510787010192871050e-03 2.552653790284325486e-01
3.479999999999999982e+00 -6.649414062499999778e-01 4.428964853286743164e-01 2.233950195312500015e-04 1.555293798446655273e-03 2.534672549007472298e-01
3.490000000000000213e+00 -6.626733398437499867e-01 4.398739337921142578e-01 2.117858886718749990e-04 1.493000984191894618e-03 2.481719970452685164e-01
3.500000000000000000e+00 -6.600122070312499645e-01 4.363697767257690430e-01 -4.188354492187499776e-04 1.495951414108276454e-03 2.520003966039662258e-01
3.509999999999999787e+00 -6.578442382812500488e-01 4.334992170333862305e-01 6.227490234375000116e-04 1.497840881347656163e-03 2.460822227719862143e-01
3.520000000000000018e+00 -6.558374023437499867e-01 4.308712482452392578e-01 -1.651560058593749911e-03 1.472753286361694379e-03 2.474545230550208308e-01
3.529999999999999805e+00 -6.526367187499999556e-01 4.266798496246337891e-01 5.883007812499999566e-04 1.433873176574707118e-03 2.449411759985372639e-01
3.540000000000000036e+00 -6.501464843750000000e-01 4.234206676483154297e-01 5.657812499999999864e-04 1.454472541809082031e-03 2.386739759388266380e-01
3.549999999999999822e+00 -6.484960937499999467e-01 4.212814569473266602e-01 4.257397460937499978e-04 1.422792673110961914e-03 2.386497594723482607e-01
3.560000000000000053e+00 -6.454150390624999734e-01 4.173022508621215820e-01 3.030517578125000171e-04 1.450186967849731359e-03 2.397041065556698713e-01
3.569999999999999840e+00 -6.432617187500000444e-01 4.145294427871704102e-01 -4.191259765624999836e-04 1.417100429534912109e-03 2.390462925366039493e-01
3.580000000000000071e+00 -6.412231445312499556e-01 4.119008779525756836e-01 -1.839121093749999936e-03 1.422345638275146484e-03 2.345017430517661594e-01
3.589999999999999858e+00 -6.384936523437499956e-01 4.083979129791259766e-01 3.442333984375000027e-04 1.396679878234863368e-03 2.300228425804440868e-01
3.600000000000000089e+00 -6.367578124999999645e-01 4.061865806579589844e-01 5.072241210937499575e-04 1.395511627197265582e-03 2.294736207561927366e-01
3.609999999999999876e+00 -6.337622070312499689e-01 4.023802280426025391e-01 -1.244675292968749946e-03 1.383745670318603602e-03 2.280859149445375877e-01
3.620000000000000107e+00 -6.316650390625000444e-01 3.997176885604858398e-01 -1.513581542968750102e-04 1.328551769256591884e-03 2.241000562668656049e-01
3.629999999999999893e+00 -6.296362304687499467e-01 3.971505165100097656e-01 -1.135434570312499969e-04 1.350724697113037196e-03 2.203077816784467236e-01
3.640000000000000124e+00 -6.271435546875000488e-01 3.940165042877197266e-01 -2.007163085937500077e-04 1.379597187042236285e-03 2.187070668052953359e-01
3.649999999999999911e+00 -6.252539062499999911e-01 3.916621208190917969e-01 -3.297753906249999904e-04 1.291990280151367188e-03 2.212634875211115515e-01
3.660000000000000142e+00 -6.224218750000000133e-01 3.881174325942993164e-01 2.702172851562500175e-04 1.285195350646972656e-03 2.166217941898833377e-01
3.669999999999999929e+00 -6.206079101562500533e-01 3.858673572540283203e-01 -1.710981445312500127e-04 1.307171583175659223e-03 2.168834586499684969e-01
3.680000000000000160e+00 -6.187646484375000089e-01 3.835821151733398438e-01 -7.504589843749999867e-04 1.259243488311767491e-03 2.154782661192755078e-01
3.689999999999999947e+00 -6.165332031250000400e-01 3.808236122131347656e-01 5.460717773437499941e-04 1.296526193618774327e-03 2.137092933640853121e-01
3.700000000000000178e+00 -6.145263671874999778e-01 3.783595561981201172e-01 9.016210937499999703e-04 1.260936260223388672e-03 2.144940350506896187e-01
3.709999999999999964e+00 -6.121411132812499822e-01 3.754287958145141602e-01 -8.547119140625000300e-05 1.223558187484741298e-03 2.118968979282012111e-01
3.720000000000000195e+00 -6.101489257812500178e-01 3.729856014251708984e-01 -4.824096679687500232e-04 1.248484849929809484e-03 2.083429148437200562e-01
3.729999999999999982e+00 -6.079003906250000089e-01 3.702431917190551758e-01 4.373657226562499968e-04 1.233732700347900304e-03 2.061724471982855356e-01
3.740000000000000213e+00 -6.058642578124999734e-01 3.677648305892944336e-01 -2.585375976562499919e-04 1.199889183044433550e-03 2.030288699343640035e-01
3.750000000000000000e+00 -6.040991210937499689e-01 3.656387329101562500e-01 -5.492236328125000427e-04 1.215410232543945356e-03 2.047591649305670336e-01
3.759999999999999787e+00 -6.018676757812500000e-01 3.629553318023681641e-01 1.212380371093750011e-03 1.181042194366454991e-03 2.058872328240604899e-01
3.770000000000000018e+00 -5.995336914062500133e-01 3.601312637329101562e-01 9.385473632812499963e-04 1.172101497650146398e-03 1.990280379504491826e-01
3.779999999999999805e+00 -5.973266601562500222e-01 3.575015068054199219e-01 -4.410620117187499800e-04 1.194095611572265538e-03 2.013450633878461626e-01
3.790000000000000036e+00 -5.954931640624999689e-01 3.553092479705810547e-01 -9.613061523437500160e-04 1.204234361648559614e-03 1.987930671670302130e-01
3.799999999999999822e+00 -5.941845703125000488e-01 3.537476062774658203e-01 -3.748828124999999990e-04 1.182210445404052778e-03 1.963761618658987351e-01
3.810000000000000053e+00 -5.920678710937500311e-01 3.512418270111083984e-01 4.365039062499999887e-04 1.167494058609008746e-03 1.968027617153179087e-01
3.819999999999999840e+00 -5.899389648437499689e-01 3.487199544906616211e-01 1.047626953124999974e-04 1.162981986999511632e-03 1.942325001343955526e-01
3.830000000000000071e+00 -5.884838867187499600e-01 3.469985723495483398e-01 -2.333999023437500055e-04 1.155155897140502886e-03 1.913529494558955935e-01
3.839999999999999858e+00 -5.857177734374999778e-01 3.437542915344238281e-01 -5.569091796874999769e-04 1.124465465545654384e-03 1.913837260670200047e-01
3.850000000000000089e+00 -5.843164062500000311e-01 3.421109914779663086e-01 4.596459960937500258e-04 1.143711805343627886e-03 1.893814829650780907e-01
3.859999999999999876e+00 -5.828124999999999556e-01 3.403580188751220703e-01 -1.317788085937500030e-03 1.123690605163574305e-03 1.890282499194786414e-01
3.870000000000000107e+00 -5.807519531250000533e-01 3.379619121551513672e-01 -2.302351074218749914e-04 1.091438531875610308e-03 1.884552992858848364e-01
3.879999999999999893e+00 -5.785620117187499911e-01 3.354060649871826172e-01 5.804443359374999870e-04 1.143515110015869141e-03 1.828550082715618696e-01
3.890000000000000124e+00 -5.770190429687499512e-01 3.336346149444580078e-01 -5.383544921874999604e-04 1.117032766342163129e-03 1.850493538338175425e-01
3.899999999999999911e+00 -5.751025390624999734e-01 3.314220905303955078e-01 5.454541015624999592e-04 1.093733310699462847e-03 1.828954468174862069e-01
3.910000000000000142e+00 -5.733642578125000000e-01 3.294271230697631836e-01 1.951689453125000028e-04 1.083058118820190473e-03 1.823337511589896431e-01
3.919999999999999929e+00 -5.713134765624999778e-01 3.270769119262695312e-01 -3.671386718750000062e-04 1.101547479629516688e-03 1.806776308109775131e-01
3.930000000000000160e+00 -5.698339843749999911e-01 3.253871202468872070e-01 -1.085632324218749968e-04 1.106858253479003906e-03 1.793687003881569431e-01
3.939999999999999947e+00 -5.675854492187499822e-01 3.228390216827392578e-01 3.215209960937500159e-04 1.060611009597778234e-03 1.809472612843412431e-01
3.950000000000000178e+00 -5.662109374999999556e-01 3.212696313858032227e-01 1.116416015625000058e-03 1.095116138458251953e-03 1.771513479410548875e-01
3.959999999999999964e+00 -5.637377929687500400e-01 3.184741735458374023e-01 8.788500976562499791e-04 1.066344976425170855e-03 1.760145159548930360e-01
3.970000000000000195e+00 -5.625927734375000266e-01 3.171873092651367188e-01 5.274096679687500329e-04 1.058346033096313390e-03 1.758581994742432764e-01
3.979999999999999982e+00 -5.605541992187500488e-01 3.148996829986572266e-01 -4.823681640625000224e-04 1.073795557022094683e-03 1.754907407813680875e-01
3.990000000000000213e+00 -5.589355468750000222e-01 3.130811452865600586e-01 4.313891601562499828e-04 1.046824455261230425e-03 1.729467828798134377e-01
4.000000000000000000e+00 -5.576904296875000444e-01 3.116905689239501953e-01 -6.450903320312500067e-04 1.029080152511596593e-03 1.720201110839667535e-01
4.009999999999999787e+00 -5.555468749999999956e-01 3.093183040618896484e-01 3.211547851562500020e-04 1.030808687210082921e-03 1.747345126896006906e-01
4.019999999999999574e+00 -5.538916015624999467e-01 3.074574470520019531e-01 3.351977539062500058e-04 1.020133495330810547e-03 1.676735103149686601e-01
4.030000000000000249e+00 -5.522729492187500311e-01 3.056699037551879883e-01 5.834692382812499628e-04 1.039826869964599696e-03 1.675870563837784377e-01
4.040000000000000036e+00 -5.505786132812500178e-01 3.037947416305541992e-01 -8.007543945312499932e-04 1.014178991317748937e-03 1.651119011171286455e-01
4.049999999999999822e+00 -5.489672851562500400e-01 3.020292520523071289e-01 -2.567919921874999944e-04 1.003557443618774501e-03 1.658556940991121331e-01
4.059999999999999609e+00 -5.470434570312500133e-01 2.999168634414672852e-01 -6.598486328124999805e-04 9.971499443054200086e-04 1.640824165169310900e-01
4.070000000000000284e+00 -5.455957031250000533e-01 2.983397245407104492e-01 9.800195312500000963e-04 1.026803255081176845e-03 1.644476092898080333e-01
4.080000000000000071e+00 -5.441381835937499911e-01 2.967435121536254883e-01 4.743090820312500264e-04 9.756863117218017144e-04 1.616976384885599471e-01
4.089999999999999858e+00 -5.420263671874999689e-01 2.944600582122802734e-01 -5.715869140624999921e-05 1.016861200332641515e-03 1.634363490081829073e-01
4.099999999999999645e+00 -5.403515625000000488e-01 2.926445007324218750e-01 -9.381616210937499629e-04 9.816527366638184461e-04 1.619612581796376904e-01
4.110000000000000320e+00 -5.396191406250000488e-01 2.918452024459838867e-01 -3.837548828125000085e-04 9.811222553253173828e-04 1.591604997676347721e-01
4.120000000000000107e+00 -5.376123046874999867e-01 2.896887063980102539e-01 -5.813598632812500217e-04 9.566664695739746527e-04 1.596751429266321243e-01
4.129999999999999893e+00 -5.359326171874999600e-01 2.878808975219726562e-01 6.205908203124999674e-04 9.557783603668212457e-04 1.578008695802844696e-01
4.139999999999999680e+00 -5.344311523437500488e-01 2.862715721130371094e-01 -5.894726562500000443e-04 9.858429431915283637e-04 1.565108847324713226e-01
4.150000000000000355e+00 -5.327221679687500488e-01 2.844482660293579102e-01 6.779492187499999766e-05 9.490609169006347873e-04 1.558627077020262042e-01
4.160000000000000142e+00 -5.311206054687499512e-01 2.827435731887817383e-01 -5.435571289062500000e-04 9.619355201721191623e-04 1.549054758083306393e-01
4.169999999999999929e+00 -5.297338867187499911e-01 2.812671661376953125e-01 -4.038037109375000014e-04 9.630978107452392795e-04 1.529149305892495148e-01
4.179999999999999716e+00 -5.285156250000000444e-01 2.799844741821289062e-01 -4.137353515625000135e-04 9.512543678283691189e-04 1.537156458185346131e-01
4.190000000000000391e+00 -5.264331054687499956e-01 2.777713537216186523e-01 -1.146511230468750002e-04 9.467601776123046875e-04 1.492103892463801929e-01
4.200000000000000178e+00 -5.251831054687500222e-01 2.764642238616943359e-01 8.413745117187500407e-04 9.420514106750488281e-04 1.502167578457066222e-01
4.209999999999999964e+00 -5.235766601562500400e-01 2.747827768325805664e-01 -3.421655273437500082e-04 9.212195873260498047e-04 1.502731216231466826e-01
4.219999999999999751e+00 -5.219213867187499911e-01 2.730447053909301758e-01 9.413940429687500514e-05 9.297966957092284939e-04 1.478398939698978287e-01
4.230000000000000426e+00 -5.208520507812499645e-01 2.719330787658691406e-01 5.335693359375000538e-04 9.303390979766845703e-04 1.479311328948172966e-01
4.240000000000000213e+00 -5.194433593749999689e-01 2.704715728759765625e-01 1.792343750000000046e-04 9.292006492614745877e-04 1.481339755793389945e-01
4.250000000000000000e+00 -5.179663085937500355e-01 2.689349651336669922e-01 -1.340566406250000070e-05 9.110033512115478732e-04 1.464623688905665744e-01
4.259999999999999787e+00 -5.161547851562500178e-01 2.670562267303466797e-01 2.073596191406250041e-04 9.130001068115234592e-04 1.445558946478282258e-01
4.269999999999999574e+00 -5.147143554687499956e-01 2.655619382858276367e-01 -5.326074218750000405e-04 9.087502956390380426e-04 1.417692750274700264e-01
4.280000000000000249e+00 -5.130126953125000444e-01 2.638310194015502930e-01 3.455273437500000228e-04 9.262323379516601779e-04 1.451152288733540963e-01
4.290000000000000036e+00 -5.119506835937499556e-01 2.627325057983398438e-01 3.648168945312499746e-04 9.043395519256591363e-04 1.422160164358002021e-01
4.299999999999999822e+00 -5.104125976562500222e-01 2.611654996871948242e-01 4.854052734375000240e-04 8.870601654052734158e-04 1.427684926290349321e-01
4.309999999999999609e+00 -5.094287109374999734e-01 2.601546049118041992e-01 1.963037109374999993e-04 9.142994880676269314e-04 1.404560108065668056e-01
4.320000000000000284e+00 -5.077001953124999911e-01 2.584046125411987305e-01 -6.459985351562499392e-05 8.853435516357422092e-04 1.415910498432075559e-01
4.330000000000000071e+00 -5.058911132812500266e-01 2.565652132034301758e-01 -2.086984863281249878e-04 8.966982364654541232e-04 1.396860998657646069e-01
4.339999999999999858e+00 -5.049804687500000222e-01 2.556449174880981445e-01 6.538256835937499879e-04 8.932709693908691623e-04 1.390972662803347248e-01
4.349999999999999645e+00 -5.034106445312499512e-01 2.540558576583862305e-01 1.653085937500000096e-04 8.789300918579101562e-04 1.371460570563481363e-01
4.360000000000000320e+00 -5.022167968749999822e-01 2.528554201126098633e-01 -6.123022460937499857e-04 8.726537227630615668e-04 1.365453384408470139e-01
4.370000000000000107e+00 -5.012182617187499467e-01 2.518534660339355469e-01 5.121044921874999458e-04 8.734822273254394748e-04 1.359235137128856630e-01
4.379999999999999893e+00 -4.994091796874999822e-01 2.500396966934204102e-01 -2.613549804687500177e-04 8.837461471557616754e-04 1.345451445494172116e-01
4.389999999999999680e+00 -4.979541015624999734e-01 2.485930919647216797e-01 -1.793454589843750005e-04 8.643150329589843316e-04 1.349183565150562369e-01
4.400000000000000355e+00 -4.968823242187500044e-01 2.475231885910034180e-01 -5.401440429687499883e-05 8.621811866760253906e-04 1.335313919950109618e-01
4.410000000000000142e+00 -4.952587890624999822e-01 2.459228038787841797e-01 -9.534887695312499500e-05 8.590221405029296875e-04 1.351150174615399768e-01
4.419999999999999929e+00 -4.945654296875000022e-01 2.452313899993896484e-01 -1.124006347656249992e-04 8.669972419738769098e-04 1.334329713941007356e-01
4.429999999999999716e+00 -4.930371093750000044e-01 2.437233924865722656e-01 5.341796874999999866e-05 8.762538433074951389e-04 1.331183335647571631e-01
4.440000000000000391e+00 -4.914331054687500200e-01 2.421373128890991211e-01 -5.676000976562499759e-04 8.383750915527343967e-04 1.310679563676015180e-01
4.450000000000000178e+00 -4.899194335937500089e-01 2.406543493270874023e-01 2.579858398437500093e-04 8.217990398406982422e-04 1.309929684047937137e-01
4.459999999999999964e+00 -4.891552734374999822e-01 2.399086952209472656e-01 1.178447265625000024e-04 8.316457271575928168e-04 1.309242530059812060e-01
4.469999999999999751e+00 -4.875463867187500022e-01 2.383404970169067383e-01 -1.158212890624999981e-04 8.096873760223388238e-04 1.309959495204653102e-01
4.480000000000000426e+00 -4.862329101562499756e-01 2.370512485504150391e-01 3.711596679687500025e-04 8.296906948089599393e-04 1.283276798773806404e-01
4.490000000000000213e+00 -4.851733398437499956e-01 2.360194921493530273e-01 1.803405761718749928e-04 7.996439933776855035e-04 1.272521848830578672e-01
4.500000000000000000e+00 -4.834643554687499956e-01 2.343624830245971680e-01 6.987500000000000438e-04 8.620500564575194879e-04 1.263590747974567274e-01
4.509999999999999787e+00 -4.823486328125000111e-01 2.332842350006103516e-01 3.642724609374999858e-04 8.210957050323486762e-04 1.256647073929673675e-01
4.519999999999999574e+00 -4.813061523437500155e-01 2.322810888290405273e-01 1.132646484375000027e-04 8.306980133056640191e-04 1.253990097458135555e-01
4.530000000000000249e+00 -4.795922851562500200e-01 2.306300401687622070e-01 -7.054931640625000113e-05 8.409202098846435113e-04 1.240083840114641345e-01
4.540000000000000036e+00 -4.786230468750000133e-01 2.297008037567138672e-01 3.515112304687499764e-04 8.057296276092529080e-04 1.233638422963263676e-01
4.549999999999999822e+00 -4.777929687499999911e-01 2.289038896560668945e-01 6.582348632812500336e-04 8.046388626098633029e-04 1.222258407801029706e-01
4.559999999999999609e+00 -4.763061523437500111e-01 2.274882793426513672e-01 9.000708007812500597e-05 8.191168308258056641e-04 1.222734049159770464e-01
4.570000000000000284e+00 -4.749243164062499911e-01 2.261692285537719727e-01 -2.328869628906250007e-04 7.929980754852294488e-04 1.208354693743328989e-01
4.580000000000000071e+00 -4.736572265624999778e-01 2.249580621719360352e-01 -6.240795898437499734e-05 7.819592952728271701e-04 1.185063882431591914e-01
4.589999999999999858e+00 -4.726806640624999778e-01 2.240467071533203125e-01 -2.149082031250000113e-04 7.905244827270507379e-04 1.204797209332532648e-01
4.599999999999999645e+00 -4.712280273437500222e-01 2.226787805557250977e-01 7.414184570312499578e-04 7.902503013610840277e-04 1.205816719617596039e-01
4.610000000000000320e+00 -4.703686523437500266e-01 2.218562364578247070e-01 6.763378906250000185e-04 7.989704608917236328e-04 1.174842893742672895e-01
4.620000000000000107e+00 -4.688842773437499889e-01 2.204716205596923828e-01 -2.576733398437500220e-04 7.739901542663574002e-04 1.188161278818330169e-01
4.629999999999999893e+00 -4.677368164062499778e-01 2.193874120712280273e-01 1.508269042968749939e-04 7.933020591735839627e-04 1.164935290007424185e-01
4.639999999999999680e+00 -4.670434570312499978e-01 2.187395095825195312e-01 -3.523632812499999747e-04 7.881164550781249783e-04 1.160368754945944186e-01
4.650000000000000355e+00 -4.655883789062499889e-01 2.173918485641479492e-01 3.254223632812499874e-04 7.676303386688232856e-04 1.173173187922774419e-01
4.660000000000000142e+00 -4.644653320312500111e-01 2.163386344909667969e-01 6.660058593749999855e-04 7.834076881408691189e-04 1.151695533233459273e-01
4.669999999999999929e+00 -4.632641601562499933e-01 2.152264118194580078e-01 -2.523266601562500146e-04 7.766604423522949652e-04 1.150787518495177270e-01
4.679999999999999716e+00 -4.617016601562500266e-01 2.137809991836547852e-01 7.148461914062500004e-04 7.995963096618652344e-04 1.145587736942463714e-01
4.690000000000000391e+00 -4.610864257812499756e-01 2.132105827331542969e-01 -8.957519531250000095e-05 7.612109184265136719e-04 1.135706911804145736e-01
4.700000000000000178e+00 -4.600390624999999845e-01 2.122420072555541992e-01 5.008691406250000123e-05 7.533311843872069879e-04 1.123791520484383744e-01
4.709999999999999964e+00 -4.585839843749999756e-01 2.109104394912719727e-01 3.515161132812500084e-04 7.658779621124267144e-04 1.128442111974365530e-01
4.719999999999999751e+00 -4.576123046875000266e-01 2.100169658660888672e-01 5.322534179687499981e-04 7.466077804565429688e-04 1.117737596660294125e-01
4.730000000000000426e+00 -4.561889648437499889e-01 2.087211608886718750e-01 -1.873542480468749869e-04 7.496833801269531467e-04 1.121886184272458120e-01
4.740000000000000213e+00 -4.552563476562500044e-01 2.078658342361450195e-01 -3.442016601562500116e-04 7.497668266296386719e-04 1.107500519063430583e-01
4.750000000000000000e+00 -4.542529296874999734e-01 2.069568634033203125e-01 -2.815185546874999898e-05 7.505297660827636285e-04 1.109463253116368259e-01
4.759999999999999787e+00 -4.533959960937499756e-01 2.061778306961059570e-01 6.068188476562499500e-04 7.570207118988037543e-04 1.102568774091721160e-01
4.769999999999999574e+00 -4.523291015625000022e-01 2.052164077758789062e-01 -3.422021484374999770e-04 7.751226425170898221e-04 1.106754137315998920e-01
4.780000000000000249e+00 -4.508862304687499822e-01 2.039062976837158203e-01 6.288256835937500308e-04 7.378041744232177301e-04 1.089782346203008179e-01
4.790000000000000036e+00 -4.499096679687499822e-01 2.030313014984130859e-01 -4.202001953124999737e-04 7.412850856781006293e-04 1.093604680352907033e-01
4.799999999999999822e+00 -4.488134765624999800e-01 2.020400762557983398e-01 -5.382128906250000086e-04 7.173180580139160373e-04 1.078292465210011764e-01
4.809999999999999609e+00 -4.476782226562500133e-01 2.010190486907958984e-01 6.800756835937500026e-04 7.462620735168457465e-04 1.068003395110199011e-01
4.820000000000000284e+00 -4.470190429687500022e-01 2.004319429397583008e-01 2.995288085937499768e-04 7.368028163909912109e-04 1.068267073525934613e-01
4.830000000000000071e+00 -4.458276367187499756e-01 1.993644237518310547e-01 4.838500976562499730e-04 7.470607757568359592e-04 1.057218299629865549e-01
4.839999999999999858e+00 -4.447119140624999911e-01 1.983702182769775391e-01 1.511760253906250076e-05 7.540822029113769314e-04 1.051786985645530997e-01
4.849999999999999645e+00 -4.436376953125000244e-01 1.974231004714965820e-01 1.952380371093750109e-04 7.243812084197998264e-04 1.059928949343664356e-01
4.860000000000000320e+00 -4.422387695312500200e-01 1.961803436279296875e-01 2.452734374999999945e-05 7.175624370574951606e-04 1.049534278056506037e-01
4.870000000000000107e+00 -4.411254882812499778e-01 1.951980590820312500e-01 -1.008659667968749967e-04 7.167398929595947049e-04 1.047211692516083065e-01
4.879999999999999893e+00 -4.401611328125000222e-01 1.943439245223999023e-01 4.982177734375000441e-04 7.258713245391845920e-04 1.035595478405382380e-01
4.889999999999999680e+00 -4.394726562499999822e-01 1.937365531921386719e-01 6.380297851562500471e-04 7.370471954345703342e-04 1.028342476194077509e-01
4.900000000000000355e+00 -4.382641601562500266e-01 1.926726102828979492e-01 -3.093286132812499926e-04 7.067322731018066406e-04 1.018688003940379783e-01
4.910000000000000142e+00 -4.373779296875000000e-01 1.919037103652954102e-01 -1.274475097656249905e-04 7.201969623565673611e-04 1.026641096184995883e-01
4.919999999999999929e+00 -4.361523437500000044e-01 1.908344030380249023e-01 -4.336499023437499940e-04 7.116258144378662326e-04 1.024636369410539954e-01
4.929999999999999716e+00 -4.353295898437499756e-01 1.901131868362426758e-01 2.078549804687499912e-04 7.100403308868408203e-04 1.013404019338079304e-01
4.940000000000000391e+00 -4.339208984374999800e-01 1.888912916183471680e-01 1.622204589843750044e-04 7.039010524749755859e-04 1.013686849417242547e-01
4.950000000000000178e+00 -4.332080078125000178e-01 1.882690191268920898e-01 3.003662109375000011e-05 7.102072238922118707e-04 1.002734056154946374e-01
4.959999999999999964e+00 -4.320043945312500022e-01 1.872223615646362305e-01 2.945947265624999890e-05 7.176876068115233941e-04 9.899099609978199987e-02
4.969999999999999751e+00 -4.309912109374999800e-01 1.863485574722290039e-01 1.801037597656250135e-04 7.268607616424560981e-04 9.868737940090382965e-02
4.980000000000000426e+00 -4.302954101562500022e-01 1.857507228851318359e-01 -3.002294921875000135e-04 6.959319114685058160e-04 9.853080963254538804e-02
4.990000000000000213e+00 -4.292626953124999978e-01 1.848596334457397461e-01 -4.031689453125000171e-04 6.944179534912109158e-04 9.757518779417681531e-02
5.000000000000000000e+00 -4.282275390624999956e-01 1.839721202850341797e-01 4.933496093750000273e-04 7.154047489166259766e-04 9.720546484375063023e-02
