5.000000000000000000e-01 -7.999935999999999936e+00 6.399948799999999949e+01 3.999967999999999968e+00 1.599987199999999987e+01
5.500000000000000444e-01 -7.999935999999999936e+00 6.399948799999999949e+01 3.999967999999999968e+00 1.599987199999999987e+01
6.000000000000000888e-01 -7.998847999999999736e+00 6.399078399999999789e+01 -2.706735999999999809e+00 1.599804800000000071e+01
6.500000000000001332e-01 -7.999935999999999936e+00 6.399948799999999949e+01 -3.999967999999999968e+00 1.599987199999999987e+01
7.000000000000001776e-01 -7.999552000000000440e+00 6.399641600000000352e+01 -3.999855999999999856e+00 1.599926400000000015e+01
7.500000000000002220e-01 -7.999424000000000312e+00 6.399539200000000250e+01 -3.999776000000000220e+00 1.599904000000000082e+01
8.000000000000002665e-01 -7.998207999999999984e+00 6.398566399999999987e+01 -3.157808000000000170e+00 1.599695999999999962e+01
8.500000000000003109e-01 -7.998015999999999792e+00 6.398412799999999834e+01 -3.275103999999999793e+00 1.599667200000000022e+01
9.000000000000003553e-01 -7.993024000000000129e+00 6.394419200000000103e+01 -7.721120000000000205e-01 1.598825599999999980e+01
9.500000000000003997e-01 -7.988480000000000025e+00 6.390784000000000020e+01 1.875328000000000106e+00 1.598073600000000027e+01
1.000000000000000444e+00 -7.984767999999999866e+00 6.387814399999999893e+01 5.549600000000000088e-01 1.597475200000000051e+01
1.050000000000000488e+00 -7.965440000000000076e+00 6.372352000000000061e+01 -7.952320000000000499e-01 1.594214400000000076e+01
1.100000000000000533e+00 -7.968639999999999723e+00 6.374911999999999779e+01 -2.105599999999999972e-01 1.594777599999999929e+01
1.150000000000000577e+00 -7.950656000000000390e+00 6.360524800000000312e+01 2.140479999999999883e-01 1.591756799999999927e+01
1.200000000000000622e+00 -7.952575999999999645e+00 6.362060799999999716e+01 -4.772480000000000055e-01 1.592159999999999975e+01
1.250000000000000666e+00 -7.919552000000000369e+00 6.335641600000000295e+01 -6.588800000000000212e-02 1.586636799999999958e+01
1.300000000000000711e+00 -7.914752000000000010e+00 6.331801600000000008e+01 -2.886400000000000077e-01 1.585804800000000014e+01
1.350000000000000755e+00 -7.860032000000000352e+00 6.288025600000000281e+01 -1.759360000000000090e-01 1.576627200000000073e+01
1.400000000000000799e+00 -7.843647999999999954e+00 6.275123200000000168e+01 -1.170559999999999934e-01 1.573958400000000069e+01
1.450000000000000844e+00 -7.804672000000000054e+00 6.243942400000000248e+01 1.082079999999999986e-01 1.567491200000000084e+01
1.500000000000000888e+00 -7.796543999999999919e+00 6.237440000000000140e+01 2.758079999999999976e-01 1.566118400000000044e+01
1.550000000000000933e+00 -7.745344000000000229e+00 6.196377600000000285e+01 6.276800000000000435e-02 1.557539200000000079e+01
1.600000000000000977e+00 -7.696191999999999922e+00 6.157465599999999739e+01 -3.616639999999999855e-01 1.549408000000000030e+01
1.650000000000001021e+00 -7.653056000000000303e+00 6.122956800000000044e+01 1.790400000000000047e-01 1.542176000000000080e+01
1.700000000000001066e+00 -7.590463999999999878e+00 6.073395200000000216e+01 2.706399999999999917e-01 1.531888000000000005e+01
1.750000000000001110e+00 -7.523839999999999861e+00 6.020505599999999902e+01 2.121439999999999992e-01 1.520777600000000085e+01
1.800000000000001155e+00 -7.465855999999999604e+00 5.974323199999999900e+01 2.877759999999999763e-01 1.511020800000000008e+01
1.850000000000001199e+00 -7.433151999999999759e+00 5.948057599999999923e+01 -1.980320000000000136e-01 1.505616000000000021e+01
1.900000000000001243e+00 -7.352511999999999937e+00 5.884057599999999866e+01 -1.948799999999999838e-02 1.492281599999999919e+01
1.950000000000001288e+00 -7.291392000000000095e+00 5.836185600000000306e+01 -1.962240000000000095e-01 1.482227199999999989e+01
2.000000000000001332e+00 -7.247104000000000212e+00 5.801574399999999798e+01 -2.383200000000000041e-01 1.474972799999999928e+01
2.050000000000001599e+00 -7.080960000000000143e+00 5.670297599999999960e+01 2.131200000000000039e-01 1.447283200000000036e+01
2.100000000000001421e+00 -7.070592000000000432e+00 5.662412799999999891e+01 1.173440000000000039e-01 1.445606399999999958e+01
2.150000000000001243e+00 -6.999103999999999992e+00 5.604915199999999942e+01 5.575999999999999707e-02 1.433692800000000034e+01
2.200000000000001510e+00 -6.863807999999999687e+00 5.499136000000000024e+01 7.780800000000000216e-02 1.411158400000000057e+01
2.250000000000001776e+00 -6.823743999999999588e+00 5.466879999999999740e+01 -1.716799999999999923e-02 1.404668799999999962e+01
2.300000000000001599e+00 -6.732607999999999926e+00 5.398272000000000048e+01 2.000000000000000042e-03 1.389718399999999932e+01
2.350000000000001421e+00 -6.688767999999999603e+00 5.362790400000000091e+01 3.267199999999999965e-02 1.382470400000000055e+01
2.400000000000001688e+00 -6.598399999999999821e+00 5.292441600000000079e+01 -1.409759999999999902e-01 1.367638400000000054e+01
2.450000000000001954e+00 -6.482368000000000130e+00 5.200128000000000128e+01 -8.512000000000000122e-02 1.348262399999999950e+01
2.500000000000001776e+00 -6.357503999999999600e+00 5.105356799999999851e+01 -5.775999999999999884e-03 1.327849600000000052e+01
2.550000000000001599e+00 -6.363584000000000351e+00 5.113395200000000074e+01 -1.611200000000000132e-02 1.329308799999999913e+01
2.600000000000001865e+00 -6.246527999999999636e+00 5.019443199999999905e+01 -3.094399999999999928e-02 1.309619200000000028e+01
2.650000000000002132e+00 -6.143872000000000000e+00 4.938956799999999703e+01 -1.003840000000000010e-01 1.292697599999999980e+01
2.700000000000001954e+00 -6.059967999999999577e+00 4.873267200000000088e+01 -5.062400000000000233e-02 1.279065600000000025e+01
2.750000000000001776e+00 -6.025984000000000229e+00 4.849561599999999828e+01 9.535999999999999338e-03 1.273452799999999918e+01
2.800000000000002043e+00 -5.891391999999999740e+00 4.745574400000000281e+01 4.958400000000000307e-02 1.251222399999999979e+01
2.850000000000002309e+00 -5.846207999999999849e+00 4.710348799999999869e+01 -8.092799999999999994e-02 1.243552000000000035e+01
2.900000000000002132e+00 -5.759167999999999843e+00 4.646963199999999716e+01 7.448000000000000453e-02 1.229942400000000013e+01
2.950000000000001954e+00 -5.690815999999999875e+00 4.594329599999999658e+01 -7.572800000000000364e-02 1.218934400000000018e+01
3.000000000000002220e+00 -5.574976000000000376e+00 4.501452799999999854e+01 -8.843199999999999672e-02 1.199209600000000009e+01
3.050000000000002487e+00 -5.482111999999999874e+00 4.437196800000000252e+01 6.896000000000000220e-03 1.184649600000000014e+01
3.100000000000002309e+00 -5.489983999999999753e+00 4.440627200000000130e+01 -3.232000000000000151e-02 1.185702399999999912e+01
3.150000000000002132e+00 -5.366399999999999615e+00 4.344729600000000147e+01 -2.420800000000000035e-02 1.165065599999999968e+01
3.200000000000002398e+00 -5.271551999999999794e+00 4.274995200000000040e+01 -5.942399999999999766e-02 1.150041599999999953e+01
3.250000000000002665e+00 -5.256768000000000107e+00 4.268697600000000136e+01 1.041599999999999991e-02 1.148278400000000055e+01
3.300000000000002487e+00 -5.189951999999999899e+00 4.217190399999999784e+01 3.820799999999999891e-02 1.136921599999999977e+01
3.350000000000002309e+00 -5.152319999999999567e+00 4.183500800000000197e+01 5.308800000000000324e-02 1.130604800000000054e+01
3.400000000000002576e+00 -5.031807999999999836e+00 4.098252800000000207e+01 -8.144000000000000197e-03 1.111414399999999958e+01
3.450000000000002842e+00 -4.940928000000000431e+00 4.033126399999999734e+01 -6.931199999999999861e-02 1.096857600000000055e+01
3.500000000000002665e+00 -4.846015999999999657e+00 3.959040000000000248e+01 4.931200000000000166e-02 1.081030400000000036e+01
3.550000000000002487e+00 -4.826751999999999931e+00 3.948339200000000204e+01 -8.321599999999999830e-02 1.078390399999999971e+01
3.600000000000002753e+00 -4.803327999999999598e+00 3.930316799999999944e+01 3.878399999999999903e-02 1.074540799999999940e+01
3.650000000000003020e+00 -4.705536000000000385e+00 3.865292800000000284e+01 -7.678400000000000503e-02 1.059676800000000085e+01
3.700000000000002842e+00 -4.577919999999999767e+00 3.762483199999999783e+01 2.220799999999999857e-02 1.038028800000000018e+01
3.750000000000002665e+00 -4.509248000000000367e+00 3.711231999999999687e+01 -1.118399999999999950e-02 1.026710399999999979e+01
3.800000000000002931e+00 -4.552640000000000242e+00 3.755059200000000175e+01 -2.529599999999999904e-02 1.034787200000000063e+01
3.850000000000003197e+00 -4.457472000000000101e+00 3.679231999999999658e+01 4.409600000000000325e-02 1.018828800000000001e+01
3.900000000000003020e+00 -4.377087999999999646e+00 3.618406399999999934e+01 -6.398399999999999921e-02 1.005769599999999997e+01
3.950000000000002842e+00 -4.323967999999999812e+00 3.587379200000000168e+01 3.615999999999999857e-03 9.981312000000000850e+00
4.000000000000003553e+00 -4.260159999999999947e+00 3.540019199999999699e+01 1.537600000000000078e-02 9.879136000000000806e+00
4.050000000000003375e+00 -4.263296000000000419e+00 3.544064000000000192e+01 2.484799999999999856e-02 9.881439999999999557e+00
4.100000000000003197e+00 -4.184383999999999659e+00 3.484518400000000327e+01 4.422399999999999942e-02 9.754367999999999483e+00
4.150000000000003020e+00 -4.139199999999999768e+00 3.454310399999999959e+01 -1.452799999999999925e-02 9.683007999999999171e+00
4.200000000000002842e+00 -4.075327999999999840e+00 3.409971199999999669e+01 -7.280000000000000013e-03 9.584415999999999158e+00
4.250000000000003553e+00 -4.075199999999999712e+00 3.408435200000000265e+01 9.280000000000000054e-04 9.584448000000000079e+00
4.300000000000003375e+00 -3.938368000000000091e+00 3.312588800000000333e+01 9.600000000000000243e-04 9.364608000000000487e+00
4.350000000000003197e+00 -3.897088000000000108e+00 3.284991999999999734e+01 2.247999999999999998e-02 9.298016000000000503e+00
4.400000000000003908e+00 -3.824256000000000100e+00 3.235635200000000111e+01 1.887999999999999921e-03 9.184639999999999915e+00
4.450000000000003730e+00 -3.797248000000000179e+00 3.214336000000000126e+01 -2.465600000000000083e-02 9.143712000000000728e+00
4.500000000000003553e+00 -3.786432000000000020e+00 3.211315199999999948e+01 1.769599999999999992e-02 9.127936000000000050e+00
4.550000000000003375e+00 -3.753152000000000044e+00 3.192780799999999886e+01 -3.599999999999999728e-02 9.081343999999999639e+00
4.600000000000003197e+00 -3.709760000000000169e+00 3.161548799999999915e+01 2.464000000000000044e-03 9.011775999999999343e+00
4.650000000000003908e+00 -3.653439999999999799e+00 3.119769600000000054e+01 2.832000000000000142e-02 8.918976000000000681e+00
4.700000000000003730e+00 -3.615871999999999975e+00 3.093299199999999871e+01 8.000000000000000654e-05 8.856991999999999976e+00
4.750000000000003553e+00 -3.627775999999999890e+00 3.108966399999999908e+01 -1.807999999999999928e-03 8.890719999999999956e+00
4.800000000000004263e+00 -3.604928000000000132e+00 3.085260800000000003e+01 5.392000000000000091e-03 8.842719999999999914e+00
4.850000000000004086e+00 -3.564928000000000097e+00 3.061043199999999942e+01 3.175999999999999657e-02 8.784992000000000800e+00
4.900000000000003908e+00 -3.479487999999999914e+00 3.008665600000000140e+01 1.720000000000000001e-02 8.652383999999999631e+00
4.950000000000003730e+00 -3.409343999999999930e+00 2.950809599999999833e+01 1.318399999999999954e-02 8.533184000000000324e+00
